k_Init k_Turn N_R N_I Davg Dstd TimeAvg TimeStd AvFNR StdFNR AvFPR StdFPR FN stdFN FP std FP
1 1 0 5 1.0 0.0 0.000636059636017 0.000254880633844 0.0 0.0 0.847619047619 0.0574150264371 1.23666666667 0.637390513474 0.0 0.0
1 1 1 4 1.0 0.0 0.0021443514619 0.00121980187945 0.0163983990148 0.0427963565287 0.631462412109 0.323401697666 0.716666666667 0.595352369983 0.173333333333 0.092255683354
1 1 2 3 1.0 0.0 0.00356354167219 0.0024589977433 0.0318576203209 0.0601213822305 0.493484803922 0.406769994368 0.395238095238 0.49386255857 0.302723809524 0.0574856417053
1 1 3 2 0.03 0.221585198062 0.0295434398216 0.010561662843 0.0277379205534 0.0401416945505 0.232553767949 0.290543639114 0.0666666666667 0.133333333333 0.525203463203 0.158571216789
1 1 4 1 0.02 0.198997487421 0.0212596310047 0.01683678263 0.0626314069865 0.0489515270184 0.157010190607 0.314317101447 0.0 0.0 0.661 0.130426602982
1 1 5 0 0.0 0.0 0.0131189429259 0.00683383042954 0.100830719782 0.0318217010944 0.0 0.0 0.0 0.0 0.8375 0.0847791247891
2 1 0 5 1.0 0.0 0.000633015068015 0.000253740220933 0.0 0.0 0.86355216919 0.0210564756232 0.2875 0.161051234084 0.0 0.0
2 1 1 4 0.08 0.391918358845 0.0341412881517 0.0262357875639 0.0204638745128 0.0432255851663 0.687368398185 0.344741265049 0.024375 0.0535424772961 0.704194444444 0.204333924309
2 1 2 3 0.04 0.28 0.026173265836 0.0233671332089 0.0397448661427 0.0524684476376 0.51542426682 0.421502387298 0.0 0.0 0.718777777778 0.142165852544
2 1 3 2 0.0 0.0 0.0167130568589 0.0150711005936 0.0510383362085 0.0469355665581 0.342965740208 0.420467530073 0.0125 0.025 0.686111111111 0.132447870015
2 1 4 1 0.0 0.0 0.0126746301842 0.00960564175095 0.0770248546419 0.0469878876395 0.171524247652 0.343376264128 0.0 0.0 0.693055555556 0.209045080495
2 1 5 0 0.0 0.0 0.0128489304765 0.00845955053588 0.0915541461754 0.035182655176 0.0 0.0 0.0 0.0 0.835294117647 0.0864525791571
3 1 0 5 1.0 0.0 0.000627796942135 0.000251442906617 0.0 0.0 0.84382683386 0.0299472918297 0.270588235294 0.151577632079 0.0 0.0
3 1 1 4 0.0 0.0 0.0156420317269 0.0138488800663 0.0194337685458 0.0399181518252 0.676564205112 0.339264812366 0.181294117647 0.113565614466 0.381647058824 0.310652043356
3 1 2 3 0.14 0.510294032887 0.0329021521367 0.0340306769093 0.0351017355172 0.0451683206626 0.506744643934 0.414404831468 0.0172941176471 0.0441593528361 0.758039215686 0.182395056865
3 1 3 2 0.0 0.0 0.0164395146223 0.0126608054621 0.0568685789761 0.0518967607598 0.33808284213 0.414501327749 0.0707058823529 0.0943599087936 0.588535947712 0.296600837949
3 1 4 1 0.0 0.0 0.0159387062385 0.0113024129212 0.0714496552346 0.0411526544288 0.167402729409 0.335156390144 0.0471764705882 0.0943892404871 0.728941176471 0.260464955569
3 1 5 0 0.0 0.0 0.0117179676646 0.00696128217591 0.0948065745378 0.0301383682365 0.0 0.0 0.0 0.0 0.847058823529 0.0797921174485
4 1 0 5 1.0 0.0 0.00239588281023 0.00157856257912 0.0 0.0 0.831809064396 0.0383854174406 0.258823529412 0.151577632079 0.0464052287582 0.0232371095878
4 1 1 4 0.1 0.435889894354 0.0314282612607 0.03430311439 0.016521221406 0.0341543852968 0.644507127089 0.323835027979 0.0198888888889 0.054144183368 0.762222222222 0.196085141497
4 1 2 3 0.1 0.435889894354 0.0321069995104 0.0305948337113 0.0355618501351 0.0473616417804 0.4976122135 0.406927635456 0.00111111111111 0.0175330375978 0.743 0.151638418208
4 1 3 2 0.0 0.0 0.0160026413528 0.0123870853306 0.0590238290549 0.0515868270154 0.331308622947 0.406116784551 0.0222222222222 0.0444444444444 0.577111111111 0.269987745492
4 1 4 1 0.0 0.0 0.0141722097143 0.00996298151957 0.0755322254135 0.0433649247473 0.164747909976 0.329727028379 0.0225555555556 0.0457166528267 0.688555555556 0.248195736178
4 1 5 0 0.0 0.0 0.012354236152 0.00764810249288 0.0965854785139 0.0234170676588 0.0 0.0 0.0 0.0 0.822222222222 0.073702773119
5 1 0 5 1.0 0.0 0.000658779934747 0.000247748248222 0.0 0.0 0.813971527934 0.036049583717 0.255555555556 0.143156652519 0.0 0.0
5 1 1 4 0.22 0.625779513886 0.0377221961936 0.0395115044477 0.0158010817498 0.0337002524989 0.64424456467 0.323217745335 0.0315555555556 0.0782007546299 0.737111111111 0.238489174639
5 1 2 3 0.08 0.391918358845 0.0243667163781 0.026503584994 0.0354122267372 0.0444291456525 0.485854952017 0.39747881693 0.00144444444444 0.0233943646269 0.757111111111 0.122394020672
5 1 3 2 0.0 0.0 0.0117719280126 0.00950771901707 0.0545542702114 0.0501453538647 0.32289900007 0.396122975124 0.100777777778 0.124961771932 0.598333333333 0.311592385682
5 1 4 1 0.0 0.0 0.0149439326045 0.0102106733947 0.0644912973464 0.036422826012 0.161206192935 0.322585606328 0.0444444444444 0.0888888888889 0.7 0.257240820062
5 1 5 0 0.0 0.0 0.0131963662466 0.00734761917651 0.0957280634615 0.0237511441671 0.0 0.0 0.0 0.0 0.833333333333 0.0702728368926
6 1 0 5 1.0 0.0 0.00224585294956 0.00143259908996 0.0 0.0 0.794557241626 0.0382136593742 0.222222222222 0.153156097245 0.0444444444444 0.0222222222222
6 1 1 4 0.14 0.510294032887 0.0368583474238 0.0415294602736 0.0150364269374 0.0335822613886 0.63950028658 0.320614597814 0.00433333333333 0.0403654601159 0.739777777778 0.15990104965
6 1 2 3 0.14 0.510294032887 0.0287953968905 0.0267435389989 0.0354851658113 0.046111228107 0.478221298564 0.390893641812 0.022 0.0632256394312 0.756444444444 0.208437337003
6 1 3 2 0.04 0.28 0.0220831964898 0.0186631878193 0.0554911586334 0.0485817650706 0.317430322441 0.389179177286 0.0118888888889 0.0258320788226 0.760666666667 0.158007813528
6 1 4 1 0.02 0.198997487421 0.0164570420899 0.0149639000343 0.0693067052575 0.0403374960196 0.157662111084 0.31554862315 0.0248888888889 0.0557578539006 0.785222222222 0.161589748789
6 1 5 0 0.0 0.0 0.0111776903062 0.00718888460814 0.0859719659006 0.0338678618648 0.0 0.0 0.0 0.0 0.822222222222 0.0544331053952
7 1 0 5 1.0 0.0 0.00251611860702 0.0013593667541 0.0 0.0 0.774810361083 0.031214401665 0.222222222222 0.153156097245 0.0444444444444 0.0222222222222
7 1 1 4 0.02 0.198997487421 0.0247590171953 0.0212362812048 0.0176949110653 0.037782605878 0.619901737362 0.312161275061 0.0392222222222 0.0804225722261 0.658666666667 0.173767831486
7 1 2 3 0.02 0.198997487421 0.0188460985222 0.0178507921731 0.0352408331508 0.0441491314501 0.472090229961 0.386137361994 0.0448888888889 0.0899096940625 0.618666666667 0.218196196683
7 1 3 2 0.0 0.0 0.0176238019578 0.015547949653 0.0521893340299 0.048507075842 0.310804643575 0.381681441366 0.0282222222222 0.0425258091568 0.672666666667 0.197986282104
7 1 4 1 0.0 0.0 0.0149766655825 0.0106173163229 0.0525401665541 0.0382492214921 0.155957725643 0.312209065056 0.0445555555556 0.0891453937933 0.710666666667 0.252962301393
7 1 5 0 0.0 0.0 0.0122467315942 0.00811636570093 0.0896222289975 0.0144538207648 0.0 0.0 0.0 0.0 0.811111111111 0.0753592220347
8 1 0 5 0.01 0.0994987437107 0.00227337173885 0.00139905501991 0.0 0.0 0.75752373435 0.0390350711385 0.244555555556 0.143160921283 0.0442222222222 0.0223871656354
8 1 1 4 0.1 0.435889894354 0.0281969059631 0.0286037617455 0.0151040952712 0.0316390376097 0.599182151938 0.302348000973 0.02 0.0530082686306 0.740111111111 0.183638769139
8 1 2 3 0.0 0.0 0.0174023165239 0.0138729313455 0.0350014364184 0.0442930152687 0.454916117389 0.372579652198 0.0667777777778 0.08189868779 0.566222222222 0.259933134802
8 1 3 2 0.0 0.0 0.0172448775405 0.0134646075882 0.053390842058 0.0451761748051 0.307459057498 0.377000424916 0.0111111111111 0.0222222222222 0.677777777778 0.123728096952
8 1 4 1 0.0 0.0 0.0190326032136 0.0121992644421 0.0660115328908 0.0373072167376 0.151541687468 0.303779413086 0.0222222222222 0.0444444444444 0.733333333333 0.241906011745
8 1 5 0 0.0 0.0 0.0123189348052 0.00862940650364 0.0725278288465 0.0397093859378 0.0 0.0 0.0 0.0 0.8 0.0666666666667
9 1 0 5 1.0 0.0 0.0021842540463 0.00127168751884 0.0 0.0 0.743844911875 0.043109932647 0.222222222222 0.153156097245 0.0333333333333 0.0272165526976
9 1 1 4 0.44 0.828492607088 0.049717784127 0.0467841762762 0.0161107408187 0.0367953685512 0.593641284074 0.298792856521 0.00733333333333 0.0549572224216 0.605111111111 0.189087607888
9 1 2 3 0.0 0.0 0.0215308702027 0.0194552055854 0.0313722253008 0.0412210121717 0.451321334193 0.369409710585 0.0222222222222 0.0272165526976 0.584888888889 0.155329359351
9 1 3 2 0.0 0.0 0.013454022567 0.0101745296277 0.0493893728977 0.0414502026376 0.295310238565 0.362333375877 0.067 0.0895731303406 0.609777777778 0.327652631477
9 1 4 1 0.0 0.0 0.0173144407046 0.0115597039346 0.0683526301596 0.0369907444654 0.148072558141 0.296566822115 0.0558888888889 0.112023531479 0.722 0.265739034709
9 1 5 0 0.0 0.0 0.0128785648197 0.00801364790492 0.0911826089161 0.0166537436703 0.0 0.0 0.0 0.0 0.811111111111 0.0753592220347
10 1 0 5 0.81 0.392300904919 0.00175477818237 0.00125302143876 0.0 0.0 0.729641268583 0.051032848524 0.244666666667 0.143165103687 0.044 0.0225487127004
10 1 1 4 0.0 0.0 0.0347280428011 0.0257565256976 0.0187404589075 0.0388769294144 0.591201710465 0.299969574916 0.0567777777778 0.0692445121951 0.466777777778 0.150640566405
10 1 2 3 0.0 0.0 0.0163403541921 0.0128096713699 0.0308670228609 0.0404619646048 0.432757414278 0.355749768992 0.0777777777778 0.10886621079 0.452222222222 0.267223954718
10 1 3 2 0.0 0.0 0.0186558185238 0.0172496196805 0.0422777579058 0.0377987244604 0.287100925997 0.353187791332 0.0145555555556 0.0335803808095 0.670888888889 0.156605819547
10 1 4 1 0.0 0.0 0.0123417201545 0.0100157904738 0.0607142844066 0.0331882161648 0.144189411484 0.289179807523 0.0562222222222 0.112927596164 0.721555555556 0.289080363896
10 1 5 0 0.0 0.0 0.0130356232356 0.00787292525515 0.0750435326317 0.024818280951 0.0 0.0 0.0 0.0 0.811111111111 0.0444444444444
11 1 0 5 0.22 0.414246303544 0.00157055740361 0.00118086123145 0.0 0.0 0.704158924207 0.0512606465968 0.244444444444 0.143156652519 0.033 0.0272824730062
11 1 1 4 0.24 0.649923072371 0.0327338467201 0.0411946664985 0.0148749837171 0.0340945612493 0.56596521755 0.286930984212 0.0384444444444 0.076600938008 0.68 0.18034945502
11 1 2 3 0.02 0.198997487421 0.0220146586804 0.018719773511 0.0294539606773 0.041363371644 0.427710104359 0.351610974559 0.0283333333333 0.0472026103066 0.659111111111 0.190625222121
11 1 3 2 0.0 0.0 0.0142147438391 0.0127464285379 0.0572405032675 0.0485751794705 0.286993092517 0.352647788895 0.0565555555556 0.113823504266 0.587888888889 0.300879759422
11 1 4 1 0.0 0.0 0.0166832434828 0.0120721388978 0.0584779710449 0.0406579617359 0.139036249145 0.279214460023 0.0228888888889 0.0469520375187 0.721777777778 0.231366952408
11 1 5 0 0.0 0.0 0.013529063419 0.00937462708529 0.0613092601811 0.0322585468566 0.0 0.0 0.0 0.0 0.777777777778 0.0860662965824
12 1 0 5 0.0 0.0 0.00457964905421 0.00224087205117 0.0 0.0 0.692607761307 0.0607042093315 0.255555555556 0.143156652519 0.0666666666667 0.0544331053952
12 1 1 4 0.1 0.435889894354 0.0276568003313 0.028394991958 0.0151584263895 0.0337323708233 0.554366773952 0.280339631271 0.00166666666667 0.021451927307 0.685777777778 0.121025249891
12 1 2 3 0.0 0.0 0.0136266633787 0.011830723125 0.0314155171212 0.0416424835137 0.418259605872 0.344159340702 0.0671111111111 0.0895933198568 0.449888888889 0.270073126814
12 1 3 2 0.0 0.0 0.0289787171502 0.0267343604278 0.0413355888858 0.0402163163687 0.275353736343 0.339175629823 0.0303333333333 0.0509139918677 0.675222222222 0.154623038227
12 1 4 1 0.0 0.0 0.014181515018 0.00977739822194 0.0613194953665 0.0401403087365 0.139986552941 0.281029306187 0.0444444444444 0.0888888888889 0.711111111111 0.251906312195
12 1 5 0 0.0 0.0 0.0113764783496 0.00772498199517 0.089579770159 0.029544965741 0.0 0.0 0.0 0.0 0.811111111111 0.0566557723733
13 1 0 5 1.0 0.0 0.00200507833273 0.00121957264202 0.0 0.0 0.678404118014 0.0658403568476 0.255555555556 0.143156652519 0.0444444444444 0.0222222222222
13 1 1 4 0.04 0.28 0.0268274736148 0.0252355366505 0.0133942708029 0.0298958091236 0.544768144112 0.276352879059 0.076 0.105651652164 0.629333333333 0.174557783422
13 1 2 3 0.0 0.0 0.0391092059226 0.0307315765395 0.0311079327615 0.04354981723 0.409293860931 0.337143139658 0.0207777777778 0.0514638792183 0.729222222222 0.188185979719
13 1 3 2 0.0 0.0 0.0151989418862 0.0118276151495 0.0431291304951 0.0426046938844 0.268580891481 0.330768248238 0.100777777778 0.125257808214 0.610111111111 0.327286241615
13 1 4 1 0.0 0.0 0.0143466495874 0.00994930950029 0.0512035538682 0.0349923547707 0.133519109646 0.268636879058 0.0444444444444 0.0888888888889 0.688888888889 0.244948974278
13 1 5 0 0.0 0.0 0.0190039510257 0.0136374553444 0.0699732572689 0.0119434847449 0.0 0.0 0.0 0.0 0.777777777778 0.0929622251705
14 1 0 5 2.0 0.0 0.00593002601876 0.00109550099229 0.0 0.0 0.665095666171 0.0549651385133 0.255555555556 0.143156652519 0.0555555555556 2.08166817117e-17
14 1 1 4 0.0 0.0 0.0149837495317 0.0108824369141 0.0143539194155 0.0300230737776 0.538001101606 0.274050262002 0.128 0.124071663879 0.331888888889 0.227393469835
14 1 2 3 0.08 0.391918358845 0.0291769476363 0.0284828721011 0.0272323195552 0.0342527076658 0.402019500788 0.331546829675 0.02 0.0527748537202 0.739444444444 0.218000877787
14 1 3 2 0.0 0.0 0.0156418327906 0.0102837636937 0.0387152047002 0.0376733416718 0.269538366806 0.331938639544 0.0673333333333 0.0898396376541 0.577111111111 0.250810144123
14 1 4 1 0.0 0.0 0.0185975369206 0.0130194052453 0.0697223248291 0.0430789850552 0.137611089009 0.275939094319 0.0115555555556 0.0236183648988 0.743111111111 0.162186297392
14 1 5 0 0.0 0.0 0.0183057764033 0.01390751289 0.0747533972352 0.026304365347 0.0 0.0 0.0 0.0 0.766666666667 0.095581391856
15 1 0 5 1.0 0.0 0.00359155776445 0.00250858332453 0.0 0.0 0.630344268655 0.073576886432 0.222555555556 0.153095266073 0.0775555555556 0.056851115932
15 1 1 4 0.1 0.435889894354 0.0305399663176 0.0247628245153 0.0132964140941 0.0277047414566 0.531981781426 0.273030095321 0.0493333333333 0.0852638606089 0.645888888889 0.162523730461
15 1 2 3 0.0 0.0 0.015111916801 0.0118711984668 0.0302898396633 0.0397684136693 0.403018615701 0.332141692879 0.113444444444 0.107385253143 0.528333333333 0.271949409783
15 1 3 2 0.0 0.0 0.0176864326897 0.013194608248 0.0443178065187 0.0407129655818 0.257611637172 0.318434211939 0.0458888888889 0.0686672959338 0.675888888889 0.187531429465
15 1 4 1 0.0 0.0 0.016808264188 0.0134900849611 0.0653426752166 0.0370299473676 0.128410015427 0.259117988531 0.0228888888889 0.0469520375187 0.765777777778 0.115381064839
15 1 5 0 0.0 0.0 0.012321098703 0.00745377506716 0.0808592316992 0.0363015634231 0.0 0.0 0.0 0.0 0.755555555556 0.0666666666667
16 1 0 5 0.0 0.0 0.00301659608842 0.00231959855466 0.0 0.0 0.648999048725 0.067703483775 0.244444444444 0.129576708774 0.0777777777778 0.0272165526976
16 1 1 4 0.08 0.391918358845 0.0180282812391 0.0167147529206 0.0129429241958 0.0306792145916 0.500835087196 0.259787592561 0.108222222222 0.138302049118 0.486444444444 0.301357340899
16 1 2 3 0.0 0.0 0.0205261586921 0.0162543616121 0.0240885875853 0.0349871008289 0.388084085399 0.320997909431 0.0513333333333 0.0550595637065 0.635333333333 0.207557102064
16 1 3 2 0.0 0.0 0.0137752073654 0.0118269425353 0.0456938281185 0.0393473007737 0.254446238872 0.316018520222 0.0446666666667 0.0894010246579 0.553555555556 0.277437035455
16 1 4 1 0.0 0.0 0.0137329647702 0.0112019065405 0.0554428618806 0.0392852649513 0.128601119984 0.259131704595 0.0446666666667 0.0894010246579 0.699333333333 0.243953142637
16 1 5 0 0.0 0.0 0.0117681662971 0.0077682294803 0.0747533972352 0.026304365347 0.0 0.0 0.0 0.0 0.744444444444 0.0444444444444
17 1 0 5 0.03 0.170587221092 0.00279436533223 0.00172674699303 0.0 0.0 0.63598541472 0.0847375025767 0.211111111111 0.150718444069 0.0435555555556 0.0419193817691
17 1 1 4 0.06 0.341174442185 0.023473025586 0.0170590116414 0.0133625006073 0.0303908886964 0.506428185064 0.264223252182 0.0557777777778 0.111110888889 0.570222222222 0.180758894049
17 1 2 3 0.0 0.0 0.0196996449505 0.0147668510819 0.0264523492834 0.0357529630374 0.380414881999 0.316400311021 0.0557777777778 0.0861377019876 0.543555555556 0.174070228484
17 1 3 2 0.0 0.0 0.0191911683395 0.014312523935 0.0451441593748 0.0387349803456 0.254129135424 0.314127443843 0.0144444444444 0.0421783397691 0.627777777778 0.196905065801
17 1 4 1 0.0 0.0 0.0134235153056 0.00941063827898 0.0491858552921 0.039151285585 0.123353052284 0.248902858493 0.0 0.0 0.643 0.201050666177
17 1 5 0 0.0 0.0 0.0114096243703 0.00718834655172 0.0718662314225 0.00824937365248 0.0 0.0 0.0 0.0 0.777777777778 0.0702728368926
18 1 0 5 1.94 0.341174442185 0.0120877096918 0.00194953176008 0.0 0.0 0.635498370299 0.0719321294899 0.2 0.159474445493 0.0666666666667 0.0415739709642
18 1 1 4 0.0 0.0 0.0158287211473 0.0129414832148 0.0116872360845 0.02565727714 0.516070947804 0.261711347849 0.125444444444 0.117160805396 0.342 0.225583358987
18 1 2 3 0.04 0.28 0.0233376711537 0.0188040138879 0.0318861145516 0.0396000832604 0.375994448665 0.312892909462 0.00288888888889 0.0330215044037 0.723666666667 0.135004846735
18 1 3 2 0.0 0.0 0.0170002099103 0.0142076323025 0.0526339949542 0.0485179686813 0.245686572445 0.304284199888 0.041 0.0659535002675 0.665 0.188767117612
18 1 4 1 0.0 0.0 0.0176868126984 0.0117829093709 0.0670370391755 0.0355630070658 0.121956641288 0.246080638625 0.0228888888889 0.0481207329357 0.743555555556 0.13236388303
18 1 5 0 0.0 0.0 0.0122295588476 0.00881683858682 0.0672228680629 0.0234061673285 0.0 0.0 0.0 0.0 0.788888888889 0.107726219054
19 1 0 5 0.0 0.0 0.00452712909901 0.0022778620856 0.0 0.0 0.609035916798 0.0531923063815 0.255555555556 0.143156652519 0.1 0.073702773119
19 1 1 4 0.0 0.0 0.0325675525586 0.0257776510498 0.0107541478342 0.0237217113303 0.453969839438 0.238095532405 0.0732222222222 0.0887651221685 0.528888888889 0.208445155175
19 1 2 3 0.0 0.0 0.0126865112991 0.009980065867 0.0217958757892 0.0293425725771 0.349405405862 0.293867072469 0.100333333333 0.124429116119 0.433111111111 0.236997577734
19 1 3 2 0.0 0.0 0.0134126311494 0.0105664821996 0.0462694319599 0.0412804075547 0.249930502697 0.310477977409 0.0892222222222 0.109357890196 0.599666666667 0.340023437827
19 1 4 1 0.0 0.0 0.0133278540557 0.0104749021144 0.0517183007452 0.0351662065346 0.115823979597 0.23549194042 0.0 0.0 0.632888888889 0.213656699369
19 1 5 0 0.0 0.0 0.0120542279293 0.00652974137538 0.0693080687988 0.0306002177417 0.0 0.0 0.0 0.0 0.755555555556 0.134256066373
20 1 0 5 1.8 0.6 0.0167853002227 0.00372851332034 0.0 0.0 0.590188910146 0.0705777724292 0.166666666667 0.116534316463 0.1 0.0415739709642
20 1 1 4 1.0 0.0 0.014847234349 0.0106101923245 0.0156175606376 0.0324372559152 0.482069915202 0.24797133544 0.114444444444 0.0969981544943 0.395666666667 0.255670964279
20 1 2 3 0.0 0.0 0.018179901879 0.013889057348 0.0187689105541 0.0312654139739 0.353239632615 0.295244127962 0.068 0.111302945509 0.531888888889 0.230756431902
20 1 3 2 0.0 0.0 0.0194335349696 0.016836872044 0.035789737917 0.0394564822023 0.231251748523 0.2877543416 0.037 0.0554010072556 0.715888888889 0.118491079
20 1 4 1 0.0 0.0 0.0153404250252 0.0136081930313 0.0610742740982 0.0358163472968 0.118144467078 0.23826824666 0.0 0.0 0.766666666667 0.158698409523
20 1 5 0 0.0 0.0 0.0126427836716 0.0077680097343 0.0726257376607 0.024913907085 0.0 0.0 0.0 0.0 0.766666666667 0.101835015443
21 1 0 5 1.8 0.4 0.0145957883995 0.00276284344188 0.0 0.0 0.569739064737 0.0780997577909 0.222222222222 0.126686158344 0.1 0.0647883543872
21 1 1 4 0.0 0.0 0.0228774260031 0.0186186204986 0.0108325731112 0.0232011078816 0.447009567673 0.236923692116 0.0795555555556 0.104901129229 0.567888888889 0.176634483442
21 1 2 3 0.04 0.28 0.0444525450666 0.0310685926301 0.0196052954551 0.0331887207786 0.337815829683 0.286183461626 0.0124444444444 0.0324809535833 0.697222222222 0.111381615168
21 1 3 2 0.0 0.0 0.0187794628937 0.0132936208787 0.0333287771643 0.0284510342044 0.223522309198 0.281279458763 0.0666666666667 0.107726219054 0.674777777778 0.20739926902
21 1 4 1 0.0 0.0 0.0283662071463 0.0205720272129 0.0458404385583 0.0288546199326 0.114302426632 0.231530188337 0.0111111111111 0.0222222222222 0.688888888889 0.0968644209676
21 1 5 0 0.0 0.0 0.0127008096431 0.0089442598443 0.0644724788568 0.0272990289607 0.0 0.0 0.0 0.0 0.788888888889 0.095581391856
22 1 0 5 2.0 0.0 0.0156376201368 0.00252703997155 0.0 0.0 0.559181002099 0.0662870971478 0.211111111111 0.137885262733 0.1 0.0647883543872
22 1 1 4 0.14 0.510294032887 0.032942934531 0.0310988158883 0.013250133256 0.0287682132829 0.442451349424 0.233770342154 0.00211111111111 0.0274736686508 0.6 0.155317277822
22 1 2 3 0.0 0.0 0.0169120898214 0.0145963411864 0.0266973582575 0.0373119065855 0.33188883072 0.276741635506 0.089 0.114498315261 0.619 0.142960712897
22 1 3 2 0.0 0.0 0.0170849160361 0.0120038698679 0.0423280216364 0.0365767056907 0.218673517232 0.273735917179 0.0445555555556 0.0891453937933 0.655222222222 0.284819435979
22 1 4 1 0.0 0.0 0.0148622388311 0.00998113419577 0.0499766905905 0.0408223786455 0.118054566297 0.238644705119 0.0 0.0 0.733333333333 0.146565621759
22 1 5 0 0.0 0.0 0.0120051423262 0.00705687509238 0.0715336371875 0.0156205836482 0.0 0.0 0.0 0.0 0.744444444444 0.0444444444444
23 1 0 5 1.88 0.474973683482 0.0270959368465 0.00472550477882 0.0 0.0 0.552507887979 0.0677214303557 0.1 0.095581391856 0.133333333333 0.0968644209676
23 1 1 4 0.0 0.0 0.0202974932734 0.0131734762552 0.0114564275851 0.0266733964104 0.428787614623 0.227558118103 0.091 0.105041966922 0.436888888889 0.14607523852
23 1 2 3 0.0 0.0 0.0193341076642 0.0146630930592 0.0327423304762 0.0421801810534 0.340700725743 0.283287628094 0.0194444444444 0.0430152140757 0.539666666667 0.10622890495
23 1 3 2 0.0 0.0 0.018496544857 0.0164817048389 0.0417271428159 0.0373031887465 0.224268635593 0.282580754403 0.0122222222222 0.0283060871175 0.698888888889 0.105870874065
23 1 4 1 0.0 0.0 0.0149244769604 0.00992631269892 0.0587629254773 0.033393548708 0.114575258819 0.23158085904 0.0558888888889 0.112023531479 0.710777777778 0.226837925498
23 1 5 0 0.0 0.0 0.0117811769177 0.00664772954142 0.0730940171061 0.0252231469828 0.0 0.0 0.0 0.0 0.766666666667 0.0647883543872
24 1 0 5 1.97 0.170587221092 0.0171595597803 0.00366432325286 0.0 0.0 0.533839025376 0.089266818873 0.155555555556 0.107726219054 0.0888888888889 0.0666666666667
24 1 1 4 0.0 0.0 0.0210637903831 0.015596836302 0.0122978491042 0.0288217351256 0.430862912169 0.227840860185 0.0612222222222 0.088324527863 0.482666666667 0.198471442732
24 1 2 3 0.02 0.198997487421 0.0154191261227 0.0155307936963 0.0214952270773 0.0270911764398 0.322283540546 0.27177055067 0.027 0.045195187114 0.609 0.17470041376
24 1 3 2 0.0 0.0 0.0124581853661 0.0100114504225 0.038983335434 0.0394208470255 0.220994911277 0.277549839597 0.0445555555556 0.0891453937933 0.566 0.185298024881
24 1 4 1 0.0 0.0 0.0166130728566 0.0117448423158 0.0581627412778 0.0358700394855 0.108460714308 0.219618629736 0.000444444444444 0.00494912387807 0.743111111111 0.127591942158
24 1 5 0 0.0 0.0 0.0113082644122 0.00795018813544 0.0520214420655 0.0350301563501 0.0 0.0 0.0 0.0 0.755555555556 0.0753592220347
25 1 0 5 0.0 0.0 0.00680292087141 0.0040170264066 0.0 0.0 0.507653716134 0.0927395468566 0.211111111111 0.162541542648 0.177777777778 0.154759869746
25 1 1 4 0.0 0.0 0.0193589987804 0.0154815652841 0.0138090154971 0.0289726610071 0.425814033104 0.224574429929 0.05 0.0695221787154 0.507 0.175946505619
25 1 2 3 0.04 0.28 0.0192660646746 0.0153848392478 0.0235335153735 0.0369724645682 0.321640865822 0.268189428312 0.0343333333333 0.0593190786039 0.522333333333 0.203096370727
25 1 3 2 0.0 0.0 0.0151095485361 0.0110943476011 0.033332694221 0.0347767781451 0.203079581101 0.254840677573 0.0145555555556 0.0372411228962 0.600222222222 0.109904335506
25 1 4 1 0.0 0.0 0.0145171468495 0.00972071514135 0.0241104968388 0.0294213203307 0.103119605421 0.211856616868 0.001 0.0128711563842 0.687888888889 0.121919777308
25 1 5 0 0.0 0.0 0.0122438204789 0.00820046544035 0.0500341501437 0.0200325599765 0.0 0.0 0.0 0.0 0.766666666667 0.0816496580928
26 1 0 5 1.0 0.0 0.00337626546272 0.00240701413592 0.0 0.0 0.519495014431 0.0783908074982 0.2 0.103040205506 0.0444444444444 0.0222222222222
26 1 1 4 0.0 0.0 0.0135446359147 0.00952922820483 0.014931925033 0.0330295400259 0.419307415369 0.218588883614 0.113444444444 0.118637272681 0.366222222222 0.217260837716
26 1 2 3 0.04 0.28 0.023533300776 0.0182249035625 0.022827997344 0.0333490697315 0.317026730761 0.268207814572 0.0125555555556 0.0276063599758 0.590555555556 0.171243635549
26 1 3 2 0.0 0.0 0.01249478871 0.00916309377054 0.0368903287497 0.0348585436004 0.203066975825 0.258621571187 0.0457777777778 0.0927132843039 0.510111111111 0.276691632073
26 1 4 1 0.0 0.0 0.0131871244824 0.0101977239228 0.0430359389776 0.0354076601158 0.101109759266 0.206604222288 0.0444444444444 0.0888888888889 0.644222222222 0.224356308328
26 1 5 0 0.0 0.0 0.0120732759289 0.00733316308005 0.0696406630338 0.023564628369 0.0 0.0 0.0 0.0 0.711111111111 0.0415739709642
27 1 0 5 2.0 0.0 0.0200702567736 0.00338176329917 0.0 0.0 0.504101361851 0.0814806032535 0.2 0.147405546238 0.133333333333 0.0831479419283
27 1 1 4 0.06 0.341174442185 0.0244911956158 0.0225140591386 0.0103569883516 0.0239067166981 0.403212156536 0.212440618621 0.0363333333333 0.0727392603757 0.553444444444 0.12561645524
27 1 2 3 0.0 0.0 0.0207318401732 0.0142987989217 0.0173780413872 0.0230692547652 0.304076863172 0.255790084573 0.0514444444444 0.0652753900273 0.590444444444 0.187491695289
27 1 3 2 0.0 0.0 0.0153770221444 0.0109256118238 0.0347370424849 0.0371285963162 0.202730427215 0.254159091137 0.0445555555556 0.0891453937933 0.544111111111 0.247428528151
27 1 4 1 0.0 0.0 0.0128110495373 0.00853177605723 0.036494424725 0.0255952575062 0.103565246138 0.211687175215 0.0 0.0 0.621222222222 0.20542695677
27 1 5 0 0.0 0.0 0.0114474783035 0.00768358100373 0.0447432718936 0.0193889176361 0.0 0.0 0.0 0.0 0.733333333333 0.095581391856
28 1 0 5 2.0 0.0 0.0213722572604 0.00397429471674 0.0 0.0 0.503338264567 0.097438096846 0.144444444444 0.114395890455 0.122222222222 0.0647883543872
28 1 1 4 0.06 0.341174442185 0.0269243946509 0.0218396939446 0.0131130707739 0.0274201515207 0.397600770385 0.215048553363 0.0556666666667 0.0797758433687 0.616333333333 0.234080575976
28 1 2 3 0.0 0.0 0.0138175795402 0.00963889767133 0.022189689966 0.0292565225665 0.288035162678 0.243283723723 0.0558888888889 0.0863877992071 0.441 0.245063332706
28 1 3 2 0.0 0.0 0.013759452902 0.00931382485091 0.0199779706928 0.0203802926606 0.197324138378 0.248879670715 0.0667777777778 0.0891176916384 0.554555555556 0.275869422502
28 1 4 1 0.0 0.0 0.0147082260507 0.0106306938688 0.0366521072047 0.0252396374489 0.0992216147174 0.202112173008 0.0228888888889 0.0481207329357 0.743555555556 0.166115235921
28 1 5 0 0.0 0.0 0.0153862129792 0.012529136179 0.0626774135174 0.0195913748805 0.0 0.0 0.0 0.0 0.733333333333 0.0415739709642
29 1 0 5 0.0 0.0 0.00828489194042 0.00667571249271 0.0 0.0 0.48265841618 0.107266996507 0.166666666667 0.116534316463 0.211 0.196992793
29 1 1 4 0.0 0.0 0.0175719753793 0.013478413928 0.0063283039912 0.0161702300429 0.384859123968 0.210575248276 0.0481111111111 0.0516410928344 0.467 0.147333961789
29 1 2 3 0.0 0.0 0.0134554751799 0.010420646877 0.0217022811592 0.0273883520353 0.30969017863 0.261051268797 0.1 0.123728096952 0.453333333333 0.225656791731
29 1 3 2 0.0 0.0 0.0155909661937 0.0101910463604 0.0339106561827 0.0345410281828 0.196794516825 0.244048364503 0.0471111111111 0.0900085043993 0.563111111111 0.193772680871
29 1 4 1 0.0 0.0 0.0129664198088 0.00920108982639 0.0521521843066 0.0296973001267 0.0920447373924 0.189065195753 0.012 0.0277413093944 0.731555555556 0.151980505573
29 1 5 0 0.0 0.0 0.0107964163297 0.00639441704986 0.0651506584641 0.0152873545074 0.0 0.0 0.0 0.0 0.733333333333 0.0647883543872
30 1 0 5 2.0 0.0 0.0164742199157 0.00274968338937 0.0 0.0 0.493505522818 0.0780584158262 0.188888888889 0.114395890455 0.155555555556 0.101835015443
30 1 1 4 0.0 0.0 0.0176673421357 0.014513767197 0.00806929310611 0.0176925370533 0.40454560382 0.212698062358 0.088 0.0984281401096 0.522 0.194866082537
30 1 2 3 0.0 0.0 0.0143845408864 0.0106393508853 0.0188824953404 0.0271183439253 0.276805302637 0.238095416139 0.0346666666667 0.0474869702727 0.509111111111 0.247861869139
30 1 3 2 0.0 0.0 0.0188058563543 0.0152729890677 0.0264877179184 0.029361308622 0.194203184906 0.248007491553 0.0153333333333 0.0318088426249 0.629 0.158253547149
30 1 4 1 0.0 0.0 0.0145168623631 0.010040481858 0.0498825699779 0.0284836062119 0.0934107283557 0.19108594734 0.0112222222222 0.0225801726639 0.721888888889 0.0936562535401
30 1 5 0 0.0 0.0 0.0108511108463 0.00715771054089 0.0787740309633 0.0192754883207 0.0 0.0 0.0 0.0 0.744444444444 0.0666666666667
31 1 0 5 0.0 0.0 0.012112203755 0.00571166488899 0.0 0.0 0.460549190642 0.0989466951869 0.177777777778 0.107726219054 0.222222222222 0.16101529718
31 1 1 4 0.12 0.474973683482 0.0266704550642 0.0211158797913 0.0123380990974 0.0256126982209 0.370723945729 0.198971168205 0.0531111111111 0.07821433041 0.640555555556 0.128056459385
31 1 2 3 0.0 0.0 0.0196652809344 0.0129872720426 0.0205750768026 0.0301058867916 0.283731285545 0.239819874671 0.0257777777778 0.0405480967266 0.530555555556 0.150303191525
31 1 3 2 0.0 0.0 0.014747098448 0.0109523060233 0.033373449073 0.0414657921917 0.182284153136 0.232064362323 0.035 0.0500955876424 0.632333333333 0.131375392776
31 1 4 1 0.0 0.0 0.0268980214989 0.0207575129793 0.0425583689328 0.0254438114783 0.0941124588878 0.194502944128 0.0 0.0 0.675888888889 0.0630119526188
31 1 5 0 0.0 0.0 0.0108289048285 0.0060179851279 0.0411354676352 0.0217045034204 0.0 0.0 0.0 0.0 0.7 0.0566557723733
32 1 0 5 2.0 0.0 0.0213239918766 0.00405605965966 0.0 0.0 0.479963476949 0.0934725370719 0.166666666667 0.14487116456 0.155555555556 0.128620410031
32 1 1 4 0.1 0.435889894354 0.0320714137203 0.028355139236 0.0109863191708 0.0265318212991 0.342806860517 0.205120152243 0.0113333333333 0.022661219389 0.670555555556 0.192971404521
32 1 2 3 0.0 0.0 0.0190064301912 0.0159587274288 0.0195792881843 0.0272979060096 0.273856429627 0.232562205511 0.0234444444444 0.0321990338019 0.630666666667 0.105878103683
32 1 3 2 0.0 0.0 0.0350211475044 0.0248611082803 0.0351388801851 0.0345052654217 0.18273798355 0.234856969565 0.0236666666667 0.0331720170633 0.632 0.168678816719
32 1 4 1 0.0 0.0 0.018576851578 0.0156633969593 0.0478454075802 0.0318430292923 0.0928207441352 0.192044449847 0.0111111111111 0.0222222222222 0.666666666667 0.0702728368926
32 1 5 0 0.0 0.0 0.0110363326769 0.0068128501253 0.0538341809845 0.0174990784204 0.0 0.0 0.0 0.0 0.711111111111 0.0647883543872
33 1 0 5 1.0 0.0 0.00837246835465 0.00675438702365 0.0 0.0 0.469213187729 0.0856502418077 0.188888888889 0.0968644209676 0.187777777778 0.207539970864
33 1 1 4 0.0 0.0 0.0138949656952 0.0108953854502 0.0107268650379 0.0248497337529 0.375643078892 0.20894149575 0.0707777777778 0.087187254137 0.529 0.201671380416
33 1 2 3 0.0 0.0 0.0144319137966 0.0115971656873 0.0184748739437 0.0247052489289 0.256973470971 0.223951580806 0.0267777777778 0.0423709369296 0.544888888889 0.204389606172
33 1 3 2 0.0 0.0 0.0149534234777 0.0101984221727 0.0316490847409 0.0286170993901 0.183466742689 0.231944909199 0.0 0.0 0.565444444444 0.217095842748
33 1 4 1 0.0 0.0 0.0115856712917 0.00848488610593 0.0331560309506 0.0270599068684 0.0949766180655 0.196007696705 0.0558888888889 0.112023531479 0.621888888889 0.2550500072
33 1 5 0 0.0 0.0 0.0131534741248 0.00875459112284 0.0545796046892 0.0153526462592 0.0 0.0 0.0 0.0 0.788888888889 0.0222222222222
34 1 0 5 1.0 0.0 0.00441788127529 0.00257347830195 0.0 0.0 0.45803239546 0.0862474576465 0.111111111111 0.0929622251705 0.111111111111 0.0929622251705
34 1 1 4 0.14 0.510294032887 0.029238940021 0.0273304414751 0.0101524117395 0.02217407942 0.35290622793 0.197418574512 0.0136666666667 0.0332166476185 0.681888888889 0.167358969558
34 1 2 3 0.02 0.198997487421 0.017384504861 0.0138695041249 0.0170345828296 0.0230897653781 0.267491020625 0.228994852245 0.0355555555556 0.0687274093075 0.592444444444 0.164195607526
34 1 3 2 0.0 0.0 0.0164898353512 0.0103313493909 0.0294836258862 0.0350023460437 0.171471162492 0.219152155004 0.100888888889 0.124797910714 0.521333333333 0.256161985788
34 1 4 1 0.0 0.0 0.0261455991748 0.0200007111462 0.0458687314243 0.0252963602213 0.0908321196537 0.187826942914 0.0 0.0 0.710888888889 0.0819963865509
34 1 5 0 0.0 0.0 0.0107303368521 0.00626901726237 0.0621101338615 0.0136150894596 0.0 0.0 0.0 0.0 0.711111111111 0.1186342028
35 1 0 5 0.0 0.0 0.00743318360066 0.00667906433332 0.0 0.0 0.434072654607 0.0930459606976 0.111111111111 0.0929622251705 0.155555555556 0.113311544747
35 1 1 4 0.14 0.510294032887 0.0371710077638 0.0297970192919 0.00714722443827 0.0210949989057 0.349718977763 0.195863190296 0.0165555555556 0.0410207716127 0.662666666667 0.11126123192
35 1 2 3 0.0 0.0 0.0162805993319 0.0123187649957 0.0111749687896 0.0178914907441 0.256633593602 0.224439904256 0.045 0.065307912666 0.620222222222 0.0833907950038
35 1 3 2 0.0 0.0 0.0220454136597 0.0157134320488 0.0387765334295 0.0344461070583 0.177337875889 0.22506839979 0.0127777777778 0.0302816001665 0.598111111111 0.111156157535
35 1 4 1 0.0 0.0 0.0140457836923 0.0103678284745 0.0354169577644 0.0325711891303 0.0895210741593 0.185008817743 0.0144444444444 0.0365317382728 0.685555555556 0.150558630555
35 1 5 0 0.0 0.0 0.0158733125858 0.0149771311986 0.0405127380036 0.0335747385483 0.0 0.0 0.0 0.0 0.711111111111 0.095581391856
