k_Init k_Turn N_R N_I Davg Dstd TimeAvg TimeStd AvFNR StdFNR AvFPR StdFPR FN stdFN FP std FP
1 2 0 5 0.0 0.0 0.000596256356221 0.000228420040681 0.0 0.0 0.847619047619 0.0574150264371 1.23666666667 0.637390513474 0.0 0.0
1 2 1 4 1.0 0.0 0.00291238451027 0.00225300170717 0.0104288961039 0.0305282556102 0.54870508658 0.292084870295 0.60130952381 0.501933605275 0.244619047619 0.152568939103
1 2 2 3 1.0 0.0 0.00376369122183 0.00260159886423 0.0253966165414 0.0494896783157 0.455261027569 0.37912749164 0.302777777778 0.380099077402 0.368171428571 0.105793064884
1 2 3 2 0.16 0.366606055596 0.0111263464531 0.00531033841452 0.0344810800949 0.0431935629213 0.293250096698 0.365300790744 0.0923636363636 0.184877533733 0.54536969697 0.110188780219
1 2 4 1 0.0 0.0 0.0116769397189 0.00569508175854 0.0706063039909 0.054709189084 0.164183658171 0.328458726065 0.0 0.0 0.559858585859 0.118315785246
1 2 5 0 0.0 0.0 0.0119740492105 0.00526672671192 0.0973322014714 0.0390814593718 0.0 0.0 0.0 0.0 0.757272727273 0.126608657153
2 2 0 5 0.0 0.0 0.0023208321305 0.00164391773367 0.0 0.0 0.841698924731 0.0374686611255 0.428787878788 0.23800903595 0.0930303030303 0.00632745849025
2 2 1 4 0.0 0.0 0.0119917980174 0.0103439417248 0.0181627956989 0.0388202034114 0.680731935484 0.342086581366 0.194933333333 0.181649528244 0.432048484848 0.122909487777
2 2 2 3 0.0 0.0 0.015243571155 0.0107019928045 0.0323064516129 0.0481752288093 0.504151827957 0.412691093041 0.20836969697 0.199063841064 0.553751515152 0.264021059557
2 2 3 2 0.0 0.0 0.0171253541461 0.0107860267484 0.0482211302211 0.0474527153992 0.28014997855 0.34457453675 0.08 0.129271462864 0.577728937729 0.124190496934
2 2 4 1 0.0 0.0 0.0169288770074 0.0104521342478 0.0785137521222 0.0446963469557 0.169748075502 0.339766191918 0.0266666666667 0.0533333333333 0.707692307692 0.240074500819
2 2 5 0 0.0 0.0 0.0137932363094 0.00679179289159 0.0958563866973 0.023150018091 0.0 0.0 0.0 0.0 0.785641025641 0.117721073519
3 2 0 5 0.0 0.0 0.000637028604979 0.00023048758141 0.0 0.0 0.823562768401 0.0348704130811 0.327179487179 0.176737918719 0.0 0.0
3 2 1 4 0.0 0.0 0.00973674754729 0.010020564767 0.0177208149406 0.0373838516501 0.65881679217 0.330890408345 0.225794871795 0.139413734435 0.400707692308 0.306689089138
3 2 2 3 0.0 0.0 0.015518417696 0.0110331899965 0.0377455268151 0.0529848758769 0.493857227604 0.4041369481 0.0941333333333 0.131491545989 0.46846007326 0.218962392054
3 2 3 2 0.0 0.0 0.0161039200076 0.0109415435942 0.0509990811944 0.0440491490906 0.330526203935 0.405709489383 0.0670666666667 0.134428237774 0.578720879121 0.221185856528
3 2 4 1 0.0 0.0 0.0163178237563 0.0100288488843 0.0688896634375 0.0468332913572 0.164116959952 0.328615956448 0.0270666666667 0.0548599833921 0.662237362637 0.222750846912
3 2 5 0 0.0 0.0 0.0137419603777 0.0073010742149 0.0873424548087 0.0291459746789 0.0 0.0 0.0 0.0 0.785641025641 0.117721073519
4 2 0 5 0.0 0.0 0.000628514041891 0.000238910315869 0.0 0.0 0.799334065715 0.0384165632863 0.327179487179 0.176737918719 0.0 0.0
4 2 1 4 0.0 0.0 0.0136921682919 0.0108245211081 0.0162809547588 0.0348667177769 0.643677778887 0.322991224645 0.161179487179 0.150592701469 0.377136263736 0.207542684144
4 2 2 3 0.0 0.0 0.0176772957831 0.0127828033935 0.0397942075302 0.0508147542732 0.479703377609 0.392798195438 0.155641025641 0.144986566745 0.532307692308 0.299039004314
4 2 3 2 0.0 0.0 0.0160721642326 0.0123780071024 0.0563572755418 0.0527785878516 0.320654561071 0.393436983546 0.0616923076923 0.123432083714 0.579531135531 0.208881577256
4 2 4 1 0.0 0.0 0.0153913212358 0.0103458090806 0.0765875262159 0.0432322600095 0.160722772396 0.322128438004 0.0666666666667 0.133333333333 0.721025641026 0.242962214631
4 2 5 0 0.0 0.0 0.0145382909779 0.00709986012554 0.0920363527414 0.0270645125158 0.0 0.0 0.0 0.0 0.798974358974 0.106755387166
5 2 0 5 0.0 0.0 0.0020046100812 0.00118692881574 0.0 0.0 0.78687006891 0.0532085915093 0.327179487179 0.176737918719 0.0583882783883 0.029444352673
5 2 1 4 0.0 0.0 0.0170311931183 0.0115384005953 0.0184671926496 0.0377626316097 0.626713542395 0.316554913616 0.151128205128 0.139800656426 0.397113553114 0.175646172716
5 2 2 3 0.0 0.0 0.0135324984533 0.0112552171341 0.0360780085888 0.045474352823 0.465702756417 0.381650290707 0.0882051282051 0.121286116916 0.481494505495 0.224640200393
5 2 3 2 0.0 0.0 0.013465911831 0.0120560795877 0.0545929791271 0.0462934634313 0.314960201738 0.386771892434 0.123230769231 0.150965257181 0.602615384615 0.266442208296
5 2 4 1 0.0 0.0 0.0169197473617 0.00896062829065 0.0674922920204 0.0517705651563 0.157874942575 0.316221067361 0.0615384615385 0.123076923077 0.68 0.220991728019
5 2 5 0 0.0 0.0 0.0125047878618 0.00741722840774 0.0958563866973 0.023150018091 0.0 0.0 0.0 0.0 0.772307692308 0.119106911129
6 2 0 5 0.76 0.427083130081 0.00163275391213 0.00130611654969 0.0 0.0 0.76259143114 0.0354259941237 0.313846153846 0.178278715668 0.056336996337 0.0284211318816
6 2 1 4 0.0 0.0 0.00987767100218 0.0107434655054 0.0171607909717 0.0361855218746 0.602906411665 0.304929981086 0.199682051282 0.167974682354 0.391073992674 0.21445807056
6 2 2 3 0.0 0.0 0.0149810801272 0.0122391108827 0.035927573427 0.0473378222571 0.428155402802 0.353434345135 0.108843438914 0.112648879434 0.565010498815 0.223570225284
6 2 3 2 0.0 0.0 0.0160859984602 0.0110038870122 0.0476092436975 0.0448815560885 0.311969187675 0.382999785764 0.0771294117647 0.105836865756 0.591866666667 0.299201873708
6 2 4 1 0.0 0.0 0.0212518030265 0.00985605711933 0.059368907563 0.0328064315513 0.156892997199 0.314388026574 0.0235294117647 0.0470588235294 0.712156862745 0.230748243804
6 2 5 0 0.0 0.0 0.0142728141404 0.00721776188931 0.0848599439776 0.0202356671316 0.0 0.0 0.0 0.0 0.782107843137 0.0291400851026
7 2 0 5 1.0 0.0 0.00470730774105 0.00231783552646 0.0 0.0 0.763487394958 0.0414853787491 0.247058823529 0.129233388653 0.050931372549 0.0256332711635
7 2 1 4 0.0 0.0 0.0231990056031 0.0177601073731 0.0159025210084 0.0334466543681 0.599158263305 0.302619249205 0.136345098039 0.0897011292858 0.570196078431 0.258309531217
7 2 2 3 0.0 0.0 0.0188183390163 0.0108728229337 0.029999719888 0.0385128284842 0.460978151261 0.377662118429 0.0777490196078 0.106821378862 0.43971127451 0.24399782051
7 2 3 2 0.0 0.0 0.0171963711351 0.0115035449626 0.0483301120448 0.0407337948311 0.303783613445 0.373148923924 0.12 0.148473716342 0.607107843137 0.283902762485
7 2 4 1 0.0 0.0 0.017189250238 0.0109234187681 0.0677 0.0384972353664 0.152012605042 0.304622905214 0.0 0.0 0.657009803922 0.175027020488
7 2 5 0 0.0 0.0 0.0140267470817 0.00699270063678 0.0839075630252 0.0316394087426 0.0 0.0 0.0 0.0 0.804705882353 0.111950997134
8 2 0 5 0.68 0.466476151588 0.00156902308576 0.00104163775704 0.0 0.0 0.754915966387 0.039899018467 0.287090196078 0.17080278309 0.0360666666667 0.0325239399007
8 2 1 4 0.0 0.0 0.0137721475761 0.0103245027309 0.0145495798319 0.0303410601152 0.598637535014 0.304166921386 0.142125490196 0.119264917337 0.363129901961 0.182987229846
8 2 2 3 0.0 0.0 0.0170954227017 0.0132094338452 0.0284044817927 0.0398606642153 0.452949579832 0.371416364289 0.1076 0.132010167959 0.472955882353 0.254950206643
8 2 3 2 0.0 0.0 0.0180271118158 0.0121148228323 0.0517154061625 0.0491181040251 0.299682913165 0.367801185095 0.0235294117647 0.0470588235294 0.534475490196 0.219913027671
8 2 4 1 0.0 0.0 0.0194059615454 0.0116000263203 0.0637963585434 0.0378728387704 0.146967787115 0.294428112533 0.0 0.0 0.645120098039 0.173577452275
8 2 5 0 0.0 0.0 0.0139906998293 0.00679939788873 0.0815266106443 0.0341787317736 0.0 0.0 0.0 0.0 0.794509803922 0.107327824083
9 2 0 5 0.0 0.0 0.00338441563421 0.00163098607334 0.0 0.0 0.724915966387 0.0551789161463 0.263529411765 0.186155173332 0.0658333333333 0.0421966296706
9 2 1 4 0.18 0.554616984954 0.0376274878625 0.01700770226 0.0144369183362 0.0307321118055 0.558207035489 0.284106135093 0.0639558823529 0.100682627924 0.581 0.160853675259
9 2 2 3 0.0 0.0 0.0191083466215 0.0128629152352 0.031729027729 0.0427016240261 0.433592213642 0.3568892767 0.0752132352941 0.101973937777 0.465323529412 0.238166900132
9 2 3 2 0.0 0.0 0.0171357795224 0.0125853390412 0.0515126360126 0.0448863826435 0.291331285831 0.358204299924 0.101375 0.125048678022 0.576676470588 0.30038513485
9 2 4 1 0.0 0.0 0.0149102663249 0.0101166705921 0.061863033813 0.038221015891 0.146154703405 0.292955662801 0.050125 0.100288568017 0.689455882353 0.251638579509
9 2 5 0 0.0 0.0 0.0164005301148 0.00831432479526 0.0896618696619 0.00757346230916 0.0 0.0 0.0 0.0 0.791911764706 0.0642951536432
10 2 0 5 1.94 0.237486841741 0.0058444789832 0.00134531597063 0.0 0.0 0.702527202527 0.060122502687 0.233823529412 0.168085083085 0.0367647058824 0.0300482599143
10 2 1 4 0.06 0.341174442185 0.028592394538 0.0163254927061 0.0149731835732 0.03058607401 0.57369009009 0.290744288846 0.0272132352941 0.0604888797546 0.558455882353 0.216323416943
10 2 2 3 0.0 0.0 0.0214059391548 0.0132820732816 0.033085012285 0.0409332254094 0.417643102843 0.344277518946 0.0864044117647 0.123038129121 0.466088235294 0.232940602718
10 2 3 2 0.0 0.0 0.0149199486407 0.0105356232883 0.0418822393822 0.038865779365 0.286003393003 0.351934553183 0.050125 0.100288568017 0.548794117647 0.229011422933
10 2 4 1 0.0 0.0 0.0184011223714 0.0114059735063 0.0638176904177 0.0349151079778 0.141837919738 0.284927796194 0.0 0.0 0.65 0.178759663518
10 2 5 0 0.0 0.0 0.0148111121356 0.0071409114892 0.0840558090558 0.00572025884534 0.0 0.0 0.0 0.0 0.778676470588 0.0942037749301
11 2 0 5 0.0 0.0 0.00227204162162 0.00133844368487 0.0 0.0 0.713121563122 0.071666130288 0.246323529412 0.123367365703 0.0490147058824 0.0248540767231
11 2 1 4 0.07 0.255147016443 0.0250991494011 0.0153041492408 0.0168843336843 0.0356971274363 0.559923645724 0.283776340686 0.0919191176471 0.102043485826 0.425367647059 0.214144297287
11 2 2 3 0.04 0.28 0.0242338857322 0.0194945543878 0.0290585194376 0.0368476069542 0.408655594406 0.336583970301 0.0584052287582 0.0916697607624 0.706901960784 0.223425583041
11 2 3 2 0.0 0.0 0.0179956863355 0.0116061165775 0.0518652458652 0.0465771536547 0.287301365301 0.353687583687 0.0582875816993 0.0914045396419 0.595816993464 0.315290242663
11 2 4 1 0.0 0.0 0.0118170653377 0.00922112403637 0.0501844821845 0.0270213558475 0.143274753025 0.287477619456 0.0470588235294 0.0941176470588 0.662745098039 0.233456879469
11 2 5 0 0.0 0.0 0.0126632227749 0.00881945902135 0.0792485292485 0.0216992612023 0.0 0.0 0.0 0.0 0.802614379085 0.101793057955
12 2 0 5 0.16 0.366606055596 0.0024596325343 0.00149565544734 0.0 0.0 0.696206571207 0.0532381805343 0.267320261438 0.151210813615 0.0816993464052 0.0293754314435
12 2 1 4 0.02 0.198997487421 0.0200518804276 0.0138183399912 0.0131649193625 0.0287639509631 0.543122821081 0.275401675957 0.116555555556 0.105356478939 0.419 0.184158379234
12 2 2 3 0.0 0.0 0.0184865650057 0.0132090991397 0.0297523230899 0.0374353150007 0.420331022976 0.345074583887 0.124555555556 0.117160805396 0.463888888889 0.304348626446
12 2 3 2 0.0 0.0 0.0129624890233 0.0110369331994 0.0430053886814 0.0382884789517 0.277873722626 0.341779172609 0.0228888888889 0.0469520375187 0.543666666667 0.265112391726
12 2 4 1 0.0 0.0 0.0171616349567 0.011583217265 0.0695435752314 0.0365173780701 0.137477601026 0.275959878762 0.0446666666667 0.0894010246579 0.732555555556 0.219507051547
12 2 5 0 0.0 0.0 0.0115469205193 0.00756225045746 0.0721009168433 0.0150050274417 0.0 0.0 0.0 0.0 0.8 0.0902670933848
13 2 0 5 0.18 0.384187454246 0.00185571209644 0.00111769705291 0.0 0.0 0.692373075886 0.0520778546306 0.244555555556 0.143160921283 0.0554444444444 0.0609086545372
13 2 1 4 0.02 0.198997487421 0.0247278418054 0.0158336423768 0.0145837674861 0.0311364318259 0.539886997878 0.274227591282 0.0821111111111 0.119069385312 0.469 0.255087953846
13 2 2 3 0.0 0.0 0.0141835870896 0.0110519809055 0.0307840225208 0.0405330534905 0.401182520196 0.331347897531 0.0666666666667 0.0888888888889 0.419222222222 0.226921724689
13 2 3 2 0.0 0.0 0.0175877517229 0.0126208410319 0.0395114163578 0.0359329480137 0.267873493081 0.330403968668 0.0125555555556 0.0297584929261 0.662111111111 0.154073054662
13 2 4 1 0.0 0.0 0.0158379052696 0.011913791317 0.0639666120734 0.039409578426 0.137889104273 0.2763865845 0.0111111111111 0.0222222222222 0.711111111111 0.220549258236
13 2 5 0 0.0 0.0 0.0113834129402 0.00784147581959 0.087161975188 0.0234234106151 0.0 0.0 0.0 0.0 0.755555555556 0.103040205506
14 2 0 5 2.0 0.0 0.00855643938645 0.00147731445374 0.0 0.0 0.683474393377 0.0605529693188 0.177777777778 0.137885262733 0.0444444444444 0.0415739709642
14 2 1 4 0.0 0.0 0.0205884061253 0.012715085366 0.0177343960248 0.0370020304048 0.534251015175 0.272801752265 0.134444444444 0.11038093412 0.377666666667 0.235343169451
14 2 2 3 0.0 0.0 0.0124938554945 0.00926599700247 0.0315836808785 0.0405746790213 0.407280355077 0.334072921607 0.147333333333 0.124261969391 0.430888888889 0.307440970948
14 2 3 2 0.0 0.0 0.015996302556 0.0113804174477 0.0482846755983 0.0424679906138 0.259282435067 0.320618828907 0.067 0.0895731303406 0.599 0.27249689091
14 2 4 1 0.0 0.0 0.0135506667988 0.00966635987295 0.0624457889352 0.0358480684995 0.132713690124 0.266230603831 0.0 0.0 0.633333333333 0.18790593917
14 2 5 0 0.0 0.0 0.0128600767755 0.00815593728377 0.0750859914702 0.0166094497847 0.0 0.0 0.0 0.0 0.766666666667 0.0544331053952
15 2 0 5 0.0 0.0 0.00252768317587 0.00144904012047 0.0 0.0 0.642228025791 0.0730377853854 0.255555555556 0.143156652519 0.0664444444444 0.0226066744214
15 2 1 4 0.0 0.0 0.0128794752352 0.0117732629083 0.0138877449569 0.02908338761 0.55147472819 0.278716919873 0.132 0.12989340359 0.331888888889 0.201884057913
15 2 2 3 0.0 0.0 0.0233162385412 0.0168206901232 0.0333342598467 0.0435077263118 0.388357345344 0.320697573639 0.0572222222222 0.0907632247277 0.575555555556 0.168786518682
15 2 3 2 0.0 0.0 0.0126305410953 0.00953863974208 0.0466350462154 0.0409529546873 0.263137668031 0.32449663635 0.0558888888889 0.112023531479 0.554777777778 0.257035593442
15 2 4 1 0.0 0.0 0.0134892455535 0.00954024829565 0.0603792426273 0.0365448626166 0.132094217782 0.266190062989 0.0444444444444 0.0888888888889 0.677777777778 0.236747508363
15 2 5 0 0.0 0.0 0.0118106405076 0.00770469861485 0.0566648054252 0.0233870840289 0.0 0.0 0.0 0.0 0.8 0.0566557723733
16 2 0 5 0.0 0.0 0.00447955768323 0.00328374587991 0.0 0.0 0.6413281519 0.0588441731859 0.233333333333 0.128620410031 0.0888888888889 0.0444444444444
16 2 1 4 0.0 0.0 0.0198102361755 0.0149695297261 0.016260594466 0.0336700352633 0.516317239345 0.264035839702 0.072 0.0886173630675 0.476888888889 0.208455105153
16 2 2 3 0.0 0.0 0.0166835494048 0.0117879396587 0.0304860206211 0.0382599063738 0.381602344108 0.315301878716 0.101444444444 0.103930829324 0.495222222222 0.276008834176
16 2 3 2 0.0 0.0 0.0135504071717 0.0108911434675 0.0433540229221 0.0385359821449 0.260624296313 0.321336781962 0.0222222222222 0.0444444444444 0.566222222222 0.259838126248
16 2 4 1 0.0 0.0 0.0144369644788 0.0113016610897 0.0641811943256 0.045589804466 0.127602469795 0.256433012005 0.0334444444444 0.066934554364 0.755222222222 0.16771120828
16 2 5 0 0.0 0.0 0.0120503090695 0.0076414824063 0.0590271504205 0.0345088060908 0.0 0.0 0.0 0.0 0.8 0.0566557723733
17 2 0 5 1.0 0.0 0.00342464107322 0.00191787533132 0.0 0.0 0.618971249804 0.0773807701994 0.177777777778 0.107726219054 0.0333333333333 0.0272165526976
17 2 1 4 0.08 0.391918358845 0.0185373360093 0.0160134744543 0.0183328582825 0.0374406711378 0.499258410969 0.257411247291 0.0941111111111 0.0965510803208 0.490444444444 0.282200436604
17 2 2 3 0.0 0.0 0.0175567984313 0.0127911160849 0.0274609301232 0.0422412712958 0.379320320251 0.312827015453 0.089 0.10903046352 0.462888888889 0.251990691578
17 2 3 2 0.0 0.0 0.01406763701 0.0113980574663 0.0353532321879 0.0329580802772 0.247086753335 0.306032733588 0.0445555555556 0.0891453937933 0.555111111111 0.251709807438
17 2 4 1 0.0 0.0 0.0178296066273 0.0115977050193 0.0391396860581 0.0326046124314 0.125253969338 0.251754497164 0.0111111111111 0.0222222222222 0.688888888889 0.239855923832
17 2 5 0 0.0 0.0 0.0115141485038 0.00784036720691 0.0756662622632 0.023953024447 0.0 0.0 0.0 0.0 0.766666666667 0.1186342028
18 2 0 5 0.0 0.0 0.00280343239661 0.00175230171514 0.0 0.0 0.625231534454 0.0677389925822 0.222222222222 0.153156097245 0.0777777777778 0.0566557723733
18 2 1 4 0.0 0.0 0.0157809962006 0.0113413458372 0.0123586835366 0.0265135578967 0.481385178415 0.247308117113 0.100333333333 0.101961684888 0.319222222222 0.149086560324
18 2 2 3 0.06 0.341174442185 0.0236616332061 0.0185963976421 0.0274141887862 0.0353808485295 0.367507840451 0.304152285823 0.0254444444444 0.0351467821613 0.584555555556 0.260800737521
18 2 3 2 0.0 0.0 0.0163294874376 0.0128426314653 0.0441283253262 0.0376802582181 0.25563434068 0.314725780116 0.0908888888889 0.112758673806 0.565111111111 0.3094719517
18 2 4 1 0.0 0.0 0.0142611924827 0.010876794146 0.0596433443482 0.0325201510266 0.128082042024 0.257877552515 0.0 0.0 0.609111111111 0.203356889953
18 2 5 0 0.0 0.0 0.0119355337671 0.00699034973331 0.0881975342892 0.0179645042582 0.0 0.0 0.0 0.0 0.788888888889 0.0888888888889
19 2 0 5 1.0 0.0 0.00669366331073 0.00477565617223 0.0 0.0 0.619065567572 0.0847634207846 0.233333333333 0.142291649721 0.111111111111 0.0929622251705
19 2 1 4 0.08 0.391918358845 0.0205329726695 0.0155584361279 0.0132058915687 0.0295042809442 0.483797457962 0.249466640192 0.0953333333333 0.0934810999581 0.551888888889 0.255081952457
19 2 2 3 0.0 0.0 0.0148340069922 0.0102814232819 0.034045112692 0.0455454848788 0.3653408466 0.30357456283 0.067 0.0897796341942 0.429777777778 0.241025996241
19 2 3 2 0.0 0.0 0.014731886721 0.010939764403 0.0436348898992 0.0413046862099 0.239007997823 0.296409706051 0.069 0.0921525171645 0.543666666667 0.255242586137
19 2 4 1 0.0 0.0 0.0132163153589 0.00899870762177 0.0484439293367 0.0282081950779 0.117936077972 0.239371672171 0.0447777777778 0.0896557889588 0.677444444444 0.232168813635
19 2 5 0 0.0 0.0 0.01181389748 0.00807563929175 0.0817591055901 0.0195557647854 0.0 0.0 0.0 0.0 0.777777777778 0.0702728368926
20 2 0 5 0.0 0.0 0.00425589326536 0.00275227614046 0.0 0.0 0.581388136451 0.0687523687596 0.255555555556 0.143156652519 0.0776666666667 0.0445691306557
20 2 1 4 0.0 0.0 0.0161569422495 0.0133650378365 0.0146088928383 0.0311026969369 0.484652398713 0.25358041215 0.135 0.115911577623 0.426555555556 0.210513159027
20 2 2 3 0.0 0.0 0.0188212599861 0.0110572908885 0.0281711253141 0.0368107587593 0.341675025472 0.287219364413 0.0561111111111 0.0862436256367 0.464333333333 0.259450011837
20 2 3 2 0.0 0.0 0.0175056833017 0.0115308204943 0.0386051218878 0.0361010379292 0.238013855453 0.295454080253 0.0337777777778 0.0677307669388 0.498888888889 0.232030755731
20 2 4 1 0.0 0.0 0.0156045129173 0.012931706974 0.0538484729957 0.0364760392593 0.117479526461 0.23624450428 0.034 0.068526285846 0.752888888889 0.133417751054
20 2 5 0 0.0 0.0 0.0123014142923 0.00675434024243 0.0624427280966 0.0149097340402 0.0 0.0 0.0 0.0 0.8 0.0566557723733
21 2 0 5 1.0 0.0 0.00280225476483 0.0015597219087 0.0 0.0 0.555573197841 0.0734500421255 0.233333333333 0.128620410031 0.0777777777778 0.0566557723733
21 2 1 4 0.0 0.0 0.0165560586518 0.011687687282 0.0125948522003 0.026628415474 0.469695602166 0.241846014636 0.102555555556 0.103373409194 0.378 0.208326548038
21 2 2 3 0.04 0.28 0.0210153980798 0.0198513197947 0.0257552490883 0.0369416401269 0.34006649209 0.283865844961 0.000777777777778 0.0128864940304 0.630333333333 0.215840905058
21 2 3 2 0.0 0.0 0.0186945988005 0.0114844541266 0.0308735430739 0.0312919135822 0.241866306764 0.29999431319 0.0895555555556 0.109846357346 0.564888888889 0.25200293943
21 2 4 1 0.0 0.0 0.0155433450721 0.00984805457906 0.0490615984098 0.0324694089506 0.117297864595 0.237206860643 0.0444444444444 0.0888888888889 0.688888888889 0.200616334281
21 2 5 0 0.0 0.0 0.0123024569952 0.00807889937023 0.0729583318957 0.0143552167067 0.0 0.0 0.0 0.0 0.744444444444 0.119670329047
22 2 0 5 2.0 0.0 0.0169752368378 0.00289827007699 0.0 0.0 0.55136033753 0.084914323126 0.222222222222 0.14487116456 0.122222222222 0.0647883543872
22 2 1 4 0.06 0.341174442185 0.018491387032 0.0146366213276 0.0129651210851 0.0270753394391 0.435493030906 0.234247067764 0.0797777777778 0.0997203497193 0.485111111111 0.272846087849
22 2 2 3 0.0 0.0 0.011106208266 0.0104618081892 0.0247033088321 0.03341532323 0.352494512389 0.294305565602 0.0691111111111 0.0923704297722 0.427888888889 0.244098214397
22 2 3 2 0.0 0.0 0.0163357632642 0.0130808235312 0.042568886473 0.0381161701279 0.230952203177 0.287016304064 0.015 0.0350088172315 0.639111111111 0.243165746451
22 2 4 1 0.0 0.0 0.0141840955161 0.00992376742046 0.0632237123107 0.0393658308837 0.11621711394 0.236885317332 0.0 0.0 0.655555555556 0.190515868883
22 2 5 0 0.0 0.0 0.0128218434867 0.00720807260634 0.0626774135174 0.0195913748805 0.0 0.0 0.0 0.0 0.755555555556 0.0444444444444
23 2 0 5 1.99 0.0994987437107 0.0133028223354 0.00181072124187 0.0 0.0 0.57314995997 0.0662298901467 0.244444444444 0.129576708774 0.0888888888889 0.0753592220347
23 2 1 4 0.14 0.510294032887 0.0329002473142 0.0321579201845 0.0133774478084 0.0279680803482 0.444289826989 0.232059325511 0.0262222222222 0.0561417957904 0.761555555556 0.138362736723
23 2 2 3 0.0 0.0 0.0176046184462 0.0123743967377 0.030653531653 0.0437585847007 0.326110717583 0.276769232009 0.0935555555556 0.111832988353 0.569111111111 0.226053528021
23 2 3 2 0.0 0.0 0.0175230888638 0.0111656664311 0.0365436942288 0.0344396490247 0.218989554281 0.272392662344 0.101444444444 0.126634060131 0.620222222222 0.21839131263
23 2 4 1 0.0 0.0 0.0142857503134 0.0107792763445 0.0397000635122 0.0276687082034 0.112768295147 0.229458244478 0.0444444444444 0.0888888888889 0.711111111111 0.137885262733
23 2 5 0 0.0 0.0 0.0112721180415 0.00694895496135 0.0435532626062 0.0228023166555 0.0 0.0 0.0 0.0 0.777777777778 0.0702728368926
24 2 0 5 1.82 0.57236352085 0.0143882547109 0.00331065559655 0.0 0.0 0.541697466341 0.0679011574483 0.222222222222 0.111111111111 0.122222222222 0.0544331053952
24 2 1 4 0.02 0.198997487421 0.0180016939575 0.0120267663189 0.00817340386805 0.0221456011916 0.424341554951 0.228543006938 0.0484444444444 0.0546485968329 0.445888888889 0.163198394751
24 2 2 3 0.12 0.474973683482 0.0252450038923 0.028600476797 0.0286544885611 0.0385276866107 0.322792516401 0.272827440103 0.0455555555556 0.0907377172588 0.663555555556 0.210590469108
24 2 3 2 0.0 0.0 0.0173640046315 0.0117945091471 0.0330436467002 0.0340741395745 0.212660720082 0.266237767709 0.0336666666667 0.0674665898111 0.586555555556 0.22212939728
24 2 4 1 0.0 0.0 0.0146858085052 0.0105673938178 0.056462791482 0.0375452761752 0.110723699989 0.224926408611 0.0555555555556 0.111111111111 0.711111111111 0.196889390519
24 2 5 0 0.0 0.0 0.0130246988952 0.00854897752409 0.0551044255066 0.0176094047442 0.0 0.0 0.0 0.0 0.8 0.0566557723733
25 2 0 5 0.0 0.0 0.00490442084032 0.00341374893847 0.0 0.0 0.536781641164 0.0695125465946 0.222222222222 0.153156097245 0.111111111111 0.0702728368926
25 2 1 4 0.14 0.510294032887 0.028626693699 0.0287621493725 0.0135196630895 0.0296501136215 0.424402902692 0.228646605821 0.0278888888889 0.05936900717 0.667 0.176330602793
25 2 2 3 0.02 0.198997487421 0.019783741181 0.0146184609559 0.0165610960154 0.0239516157286 0.303197504012 0.256900040293 0.0893333333333 0.109690023405 0.599333333333 0.215989368737
25 2 3 2 0.0 0.0 0.0169001191831 0.0125600188528 0.0355315864185 0.0396391259491 0.209559360695 0.264013024167 0.0892222222222 0.109357890196 0.599 0.310785921317
25 2 4 1 0.0 0.0 0.0126912627579 0.0100239950669 0.0444986794104 0.032623094504 0.109378474073 0.22074217106 0.0222222222222 0.0444444444444 0.644444444444 0.212568071886
25 2 5 0 0.0 0.0 0.0136351011822 0.00711002170333 0.054481695875 0.0273077444004 0.0 0.0 0.0 0.0 0.788888888889 0.0222222222222
26 2 0 5 1.83 0.37563279942 0.0256148550112 0.00690509207375 0.0 0.0 0.503535173592 0.103958489428 0.188888888889 0.155555555556 0.211111111111 0.173561103909
26 2 1 4 0.0 0.0 0.021252558697 0.0119672294946 0.0127448280135 0.0284174844073 0.417511605064 0.224238302236 0.136 0.104752736492 0.518333333333 0.252695957454
26 2 2 3 0.0 0.0 0.0176500865247 0.0121318599564 0.018924954179 0.0288805042958 0.326623780189 0.276106757194 0.111888888889 0.100274376674 0.475888888889 0.243772080355
26 2 3 2 0.0 0.0 0.0156543873565 0.0118681451731 0.0480672451537 0.0422741617259 0.194307942408 0.247848514671 0.0121111111111 0.0273565845099 0.576111111111 0.206417860984
26 2 4 1 0.0 0.0 0.0145929281984 0.00878601092878 0.0460193064493 0.0422397614009 0.0993731653099 0.201547187444 0.0444444444444 0.0888888888889 0.666666666667 0.111111111111
26 2 5 0 0.0 0.0 0.0129631845956 0.00824011130117 0.0505589709611 0.0165484251694 0.0 0.0 0.0 0.0 0.788888888889 0.0544331053952
27 2 0 5 1.86 0.40049968789 0.0255911906704 0.0061870981849 0.0 0.0 0.484120887284 0.110640841456 0.133333333333 0.119670329047 0.166666666667 0.099380799
27 2 1 4 0.0 0.0 0.0166717236384 0.00930434641687 0.012312105557 0.026966523166 0.396977114827 0.212179351599 0.145777777778 0.122053216485 0.364555555556 0.173188650442
27 2 2 3 0.0 0.0 0.0141988950805 0.0106803984484 0.0242475790365 0.0318704749354 0.286670634538 0.248872955354 0.0693333333333 0.114752766986 0.421555555556 0.224723808537
27 2 3 2 0.0 0.0 0.0151240134088 0.0105038737838 0.0367078303815 0.0390316091121 0.200859462653 0.255954128578 0.0445555555556 0.0891453937933 0.632444444444 0.228417421662
27 2 4 1 0.0 0.0 0.0138840381126 0.0100391046905 0.0459409589783 0.0343848180653 0.100663214803 0.205252542098 0.0336666666667 0.0675580226158 0.687666666667 0.137606479534
27 2 5 0 0.0 0.0 0.0119513534615 0.0075459320493 0.0550065166924 0.0361746538839 0.0 0.0 0.0 0.0 0.766666666667 0.073702773119
28 2 0 5 0.0 0.0 0.00481164927827 0.00266792321163 0.0 0.0 0.523942560162 0.0871347146449 0.188888888889 0.114395890455 0.166666666667 0.0929622251705
28 2 1 4 0.04 0.28 0.0243113601091 0.0140220968433 0.0103313127245 0.0229944124254 0.400548684375 0.214927236744 0.113444444444 0.117801831925 0.510888888889 0.233898680186
28 2 2 3 0.0 0.0 0.0171491213434 0.0111095019198 0.0166474592645 0.0277259640565 0.277718116968 0.240249969342 0.0447777777778 0.0652716072734 0.465333333333 0.214466204998
28 2 3 2 0.0 0.0 0.0192966577469 0.0113690387326 0.0368447999189 0.0346707630496 0.201777879016 0.253304626193 0.0446666666667 0.0894010246579 0.577111111111 0.156716461748
28 2 4 1 0.0 0.0 0.0123702007486 0.00966129555517 0.0435348356111 0.0339036360807 0.0996142371597 0.202159998694 0.0 0.0 0.610666666667 0.20284957633
28 2 5 0 0.0 0.0 0.0130443814886 0.00856448935942 0.0579915913192 0.0382280613888 0.0 0.0 0.0 0.0 0.744444444444 0.114395890455
29 2 0 5 0.0 0.0 0.00234310166095 0.00130362525895 0.0 0.0 0.50144888146 0.0941510111298 0.222222222222 0.111111111111 0.0666666666667 0.0544331053952
29 2 1 4 0.0 0.0 0.0118613511976 0.00886728350608 0.0122404705256 0.0269341479903 0.393648046858 0.218690838593 0.155555555556 0.128620410031 0.339444444444 0.218594697958
29 2 2 3 0.1 0.435889894354 0.0219893939223 0.0189350062125 0.0194305720536 0.0301864724895 0.263162879287 0.240641375072 0.0133333333333 0.0343547218528 0.646111111111 0.135549863268
29 2 3 2 0.0 0.0 0.0229306215886 0.0139921717943 0.0247232444186 0.0233954391794 0.200168293317 0.249445764144 0.0114444444444 0.0240603664679 0.677555555556 0.138349887452
29 2 4 1 0.0 0.0 0.0149793677893 0.0103738942529 0.038383370922 0.0309362240938 0.0987190520483 0.201674499416 0.0115555555556 0.0251376457642 0.688222222222 0.116129132041
29 2 5 0 0.0 0.0 0.0111021953018 0.0075136875512 0.059317285817 0.0335262675013 0.0 0.0 0.0 0.0 0.766666666667 0.0647883543872
30 2 0 5 2.0 0.0 0.0315126028773 0.0045038297286 0.0 0.0 0.457952160225 0.0794557537593 0.177777777778 0.162541542648 0.211111111111 0.196889390519
30 2 1 4 0.0 0.0 0.0183571785188 0.0111430037068 0.0149358209659 0.0324651723857 0.379187405075 0.206603103161 0.123222222222 0.0898983651096 0.409666666667 0.19908838536
30 2 2 3 0.0 0.0 0.0189236479474 0.0102397168851 0.023611081616 0.0348260885274 0.293905029154 0.247959349783 0.101 0.103292644319 0.485777777778 0.2849651484
30 2 3 2 0.0 0.0 0.0180140903476 0.0157003001772 0.0316933317091 0.0411049586687 0.199448969123 0.249077013345 0.0 0.0 0.711111111111 0.095581391856
30 2 4 1 0.0 0.0 0.0157526706415 0.00821809098844 0.0489604738491 0.0261984091815 0.0982697636036 0.199085687111 0.0444444444444 0.0888888888889 0.622222222222 0.177081971672
30 2 5 0 0.0 0.0 0.0118105106032 0.00736697911179 0.0514163860135 0.0171214646304 0.0 0.0 0.0 0.0 0.766666666667 0.073702773119
31 2 0 5 1.99 0.0994987437107 0.0219104235689 0.00405918584115 0.0 0.0 0.497207644844 0.079142602826 0.177777777778 0.123728096952 0.177777777778 0.0816496580928
31 2 1 4 0.08 0.391918358845 0.0179607555538 0.0176766357959 0.011994341638 0.0249814131965 0.386877286915 0.206927718541 0.0587777777778 0.0922060896197 0.505444444444 0.163491948682
31 2 2 3 0.0 0.0 0.0160689761257 0.0120596425125 0.0169191028863 0.0217034676197 0.272467293668 0.234885405583 0.067 0.0893661493071 0.475222222222 0.22970112089
31 2 3 2 0.0 0.0 0.0129542464088 0.00898345263896 0.0183995894237 0.0174223667159 0.192271689038 0.242007895843 0.0778888888889 0.0969980908556 0.499666666667 0.219806059297
31 2 4 1 0.0 0.0 0.0126446066692 0.00837164330732 0.0514360198817 0.0341020051557 0.0954582371907 0.19432994935 0.0333333333333 0.0666666666667 0.6 0.16996731712
31 2 5 0 0.0 0.0 0.0105432191433 0.00732233899927 0.0623023604439 0.037415246427 0.0 0.0 0.0 0.0 0.744444444444 0.0566557723733
32 2 0 5 0.0 0.0 0.00391781120677 0.0029185496213 0.0 0.0 0.460586967038 0.0970232041766 0.211111111111 0.107726219054 0.144444444444 0.119670329047
32 2 1 4 0.0 0.0 0.0148662770574 0.0105054296835 0.00720756879846 0.0186102703739 0.359797448808 0.205798960318 0.111111111111 0.099380799 0.364777777778 0.149831633905
32 2 2 3 0.0 0.0 0.0175346060505 0.0120605553158 0.0194950021089 0.0307065077092 0.283509672236 0.241613091937 0.0673333333333 0.0898396376541 0.531888888889 0.161670713962
32 2 3 2 0.0 0.0 0.0130166435707 0.00871916677635 0.0240509724341 0.0327317535103 0.176584826493 0.227713041858 0.0666666666667 0.0888888888889 0.511111111111 0.266203301127
32 2 4 1 0.0 0.0 0.0160282409156 0.0122771093791 0.0381964608481 0.0321005344072 0.089050276757 0.184268356736 0.0111111111111 0.0222222222222 0.722222222222 0.1490711985
32 2 5 0 0.0 0.0 0.012828665222 0.00851839802688 0.0486659968075 0.0272705711198 0.0 0.0 0.0 0.0 0.755555555556 0.0566557723733
33 2 0 5 2.0 0.0 0.0182729440229 0.00328667328722 0.0 0.0 0.459635234217 0.0914563500814 0.211111111111 0.162541542648 0.166666666667 0.105409255339
33 2 1 4 0.06 0.341174442185 0.0245413540187 0.0183194147762 0.00968145027563 0.0227038339762 0.343092576815 0.195505339644 0.0482222222222 0.0938638362368 0.583111111111 0.270789791372
33 2 2 3 0.0 0.0 0.0164555338398 0.0108758254142 0.0196024916227 0.0324668700539 0.279440074947 0.246670424222 0.0674444444444 0.0900652027186 0.410555555556 0.232604018946
33 2 3 2 0.0 0.0 0.0180456608173 0.0122457283135 0.0260158625657 0.0225233420988 0.172726373558 0.221101224434 0.1 0.123728096952 0.643111111111 0.257458039252
33 2 4 1 0.0 0.0 0.012993734444 0.00902938700814 0.0354325964178 0.0316211693816 0.0767434972141 0.160636873541 0.0444444444444 0.0888888888889 0.688222222222 0.272740187498
33 2 5 0 0.0 0.0 0.0116488151392 0.00688100888675 0.053544045588 0.0190807566953 0.0 0.0 0.0 0.0 0.766666666667 0.073702773119
34 2 0 5 0.0 0.0 0.00408448337461 0.00409445597539 0.0 0.0 0.434072654607 0.0930459606976 0.177777777778 0.107726219054 0.120666666667 0.0970938199709
34 2 1 4 0.0 0.0 0.0157296242984 0.0102674286665 0.00989074700095 0.0222207189965 0.355020346796 0.200124494208 0.100666666667 0.0895919418775 0.415222222222 0.168117059453
34 2 2 3 0.0 0.0 0.0136548240355 0.0105207128143 0.0206166093625 0.0320241376252 0.256133260902 0.22752814523 0.0571111111111 0.0732662993284 0.441333333333 0.196707968042
34 2 3 2 0.0 0.0 0.0144275413896 0.00936658714248 0.0254944109945 0.0283920918435 0.18025303285 0.230840054022 0.0888888888889 0.10886621079 0.555555555556 0.276664435511
34 2 4 1 0.0 0.0 0.0130416852201 0.0090932834052 0.0503418316729 0.0445772071895 0.0934577682423 0.191312105506 0.0 0.0 0.666666666667 0.22498285257
34 2 5 0 0.0 0.0 0.0112845642329 0.00653879471628 0.0683704185118 0.0186805212294 0.0 0.0 0.0 0.0 0.711111111111 0.0816496580928
35 2 0 5 0.0 0.0 0.00833845382091 0.00429328701461 0.0 0.0 0.426031387151 0.0966265141033 0.133333333333 0.0902670933848 0.244444444444 0.17069212773
35 2 1 4 0.0 0.0 0.00990088560618 0.00710895710794 0.00798533339342 0.0180173938012 0.356372707628 0.216046494875 0.160555555556 0.0913192068015 0.336 0.320328226729
35 2 2 3 0.0 0.0 0.0199664328294 0.0134791475696 0.0207153786195 0.0314055929586 0.269970656225 0.231801861115 0.00166666666667 0.0154260481966 0.610555555556 0.240869694807
35 2 3 2 0.0 0.0 0.0175588361314 0.00946257309172 0.0299169750155 0.0275481473996 0.16787158525 0.22041901202 0.0888888888889 0.10886621079 0.522222222222 0.226623089493
35 2 4 1 0.0 0.0 0.0156412475707 0.0106949080624 0.0372737454399 0.0391315944923 0.0859858407167 0.178326584083 0.00144444444444 0.016227928981 0.642555555556 0.0945039681707
35 2 5 0 0.0 0.0 0.012318227744 0.00745839958049 0.0512241594312 0.0272898638051 0.0 0.0 0.0 0.0 0.811111111111 0.0753592220347
