k_Init k_Turn N_R N_I Davg Dstd TimeAvg TimeStd AvFNR StdFNR AvFPR StdFPR FN stdFN FP std FP
1 4 0 5 1.0 0.0 0.00165123274899 0.000993497043014 0.0 0.0 0.745916322055 0.0423937350771 0.982066666667 0.510959398257 0.1705 0.104744530486
1 4 1 4 0.0 0.0 0.00217181108077 0.00115343954268 0.008994669332 0.0279205924193 0.506382897837 0.287031048931 0.428571428571 0.349927106112 0.409523809524 0.0380952380952
1 4 2 3 0.0 0.0 0.00335385221057 0.00195630903767 0.0233055555556 0.0414180452859 0.488883333333 0.399442410326 0.25 0.306186217848 0.275 0.189184609116
1 4 3 2 0.0 0.0 0.00588206447661 0.00407782832698 0.0434590111643 0.0493187058994 0.325286602871 0.3996252085 0.111111111111 0.222222222222 0.457888888889 0.137514713018
1 4 4 1 0.0 0.0 0.0104771343083 0.00688551033514 0.0498787403459 0.0341840187602 0.128051303269 0.256650992041 0.0714285714286 0.142857142857 0.667674325674 0.113314042213
1 4 5 0 0.0 0.0 0.0114284577488 0.00620836663267 0.0836876467705 0.0226833919553 0.0 0.0 0.0 0.0 0.788487512488 0.071857443429
2 4 0 5 1.0 0.0 0.000676657579606 0.000239245927297 0.0 0.0 0.86091437799 0.012863800797 0.345970695971 0.188224932193 0.0 0.0
2 4 1 4 0.0 0.0 0.0205399389064 0.0187974337786 0.0169824973896 0.0358896846246 0.688723329934 0.344558327349 0.124681318681 0.124574551693 0.672384615385 0.135237704778
2 4 2 3 0.0 0.0 0.0135643082554 0.0124946437244 0.0302031221923 0.0411857646491 0.516220891916 0.421610863616 0.152954212454 0.13417844579 0.521659340659 0.292039590137
2 4 3 2 0.0 0.0 0.0209627701389 0.0147713150903 0.0483052363471 0.0441450788102 0.327786806682 0.401813033138 0.0558461538462 0.0790073024863 0.758029304029 0.155301793022
2 4 4 1 0.0 0.0 0.0154066010285 0.00995190558032 0.0646285756088 0.0410296427526 0.171781639389 0.343614676163 0.0572857142857 0.114615506306 0.71436996337 0.23498332579
2 4 5 0 0.0 0.0 0.0132263273641 0.00654794860562 0.0877923603076 0.025829546321 0.0 0.0 0.0 0.0 0.814798534799 0.0945561950493
3 4 0 5 1.0 0.0 0.000637534377165 0.000248835269254 0.0 0.0 0.840510983995 0.0176182899227 0.326446886447 0.175862236418 0.0 0.0
3 4 1 4 0.0 0.0 0.027050059943 0.0238145002197 0.0175048607813 0.0358655586355 0.670437164884 0.335817161808 0.117208791209 0.11205744253 0.642534798535 0.161313551701
3 4 2 3 0.0 0.0 0.0191859664721 0.0153609953986 0.0346524670096 0.045199999627 0.499451441904 0.407959783144 0.0591648351648 0.084980334712 0.753578754579 0.086236082064
3 4 3 2 0.0 0.0 0.0209426020051 0.0180785334343 0.0511693580714 0.0463034076614 0.33260892676 0.407472081291 0.0667252747253 0.099387580089 0.769457875458 0.161712097422
3 4 4 1 0.0 0.0 0.0166882224113 0.00920154561226 0.0671142223419 0.0378547402138 0.166634485045 0.333323327728 0.0 0.0 0.656937728938 0.159322876529
3 4 5 0 0.0 0.0 0.0137627067184 0.00722249981332 0.0909425434578 0.0172004425944 0.0 0.0 0.0 0.0 0.758608058608 0.0909753253084
4 4 0 5 1.0 0.0 0.000618270211853 0.00025123034875 0.0 0.0 0.807479009629 0.0193632496222 0.326446886447 0.175862236418 0.0 0.0
4 4 1 4 0.0 0.0 0.0230593217863 0.0190683432879 0.0137962595226 0.0301336062942 0.65156024203 0.326271622495 0.115220512821 0.12032858943 0.701035164835 0.17363199158
4 4 2 3 0.0 0.0 0.0191664085607 0.0135412130136 0.0353929185088 0.0447202465439 0.484387232158 0.395781377631 0.0772857142857 0.0994899509101 0.652750915751 0.140792257245
4 4 3 2 0.0 0.0 0.016795057042 0.0108854169133 0.0508552853264 0.0449234104419 0.329716197505 0.403951385575 0.0312307692308 0.063299980837 0.564124542125 0.199237297204
4 4 4 1 0.0 0.0 0.0154523749289 0.0100221122937 0.0591340970908 0.0446201148674 0.162542602873 0.325217881348 0.0307692307692 0.0615384615385 0.694871794872 0.224693553323
4 4 5 0 0.0 0.0 0.0120259136939 0.00666021111882 0.0742657327456 0.0272996808924 0.0 0.0 0.0 0.0 0.800512820513 0.0668261185352
5 4 0 5 0.26 0.438634243989 0.0026093110675 0.00168508169194 0.0 0.0 0.789063111012 0.0324759342287 0.297875457875 0.174350109049 0.0583882783883 0.0568668076268
5 4 1 4 0.0 0.0 0.0143850639672 0.0144460505133 0.0169591674303 0.0351856341411 0.626896652799 0.314241323133 0.125131868132 0.125264473747 0.588391941392 0.239111590662
5 4 2 3 0.0 0.0 0.0134098530351 0.011954397798 0.0328504215353 0.0440455163011 0.477399483155 0.390060759249 0.114857142857 0.140812800902 0.461128205128 0.21371074222
5 4 3 2 0.0 0.0 0.0181358458532 0.0142191688931 0.0434663014253 0.0377465142577 0.314576024744 0.385811430412 0.0856666666667 0.105644539412 0.745512820513 0.162217757019
5 4 4 1 0.0 0.0 0.0159958403185 0.00937520682002 0.0653871692874 0.0357276278419 0.155777339512 0.311799159343 0.0 0.0 0.641271062271 0.183423422955
5 4 5 0 0.0 0.0 0.0143964122969 0.00635380592833 0.0746689585521 0.0396093502591 0.0 0.0 0.0 0.0 0.786227106227 0.0755306025995
6 4 0 5 1.0 0.0 0.000686767366715 0.000257196627238 0.0 0.0 0.773709708074 0.0347120104072 0.326446886447 0.175862236418 0.0 0.0
6 4 1 4 0.0 0.0 0.0212783156254 0.0171274624004 0.0145630343181 0.0304728481149 0.610696287725 0.307115451963 0.15664981685 0.108340241596 0.697615384615 0.208119128425
6 4 2 3 0.0 0.0 0.0137207971816 0.0123221266647 0.0343203669581 0.0435080558256 0.455534232475 0.372800341392 0.141714285714 0.119688029852 0.62336996337 0.225762050698
6 4 3 2 0.0 0.0 0.0129297116282 0.00891603805358 0.0451898280306 0.0467205630432 0.31798082402 0.390014223572 0.114571428571 0.140392743577 0.556465201465 0.263525920266
6 4 4 1 0.0 0.0 0.0161933060293 0.00920654018857 0.0635939470146 0.0376497200002 0.155852434905 0.312075614362 0.0 0.0 0.658322344322 0.157165256906
6 4 5 0 0.0 0.0 0.013343072104 0.00612220075596 0.083281448213 0.0239543470491 0.0 0.0 0.0 0.0 0.786227106227 0.0402894437289
7 4 0 5 1.0 0.0 0.00111745526083 0.000563474729757 0.0 0.0 0.742032353931 0.0419422676706 0.326446886447 0.175862236418 0.0142857142857 0.0285714285714
7 4 1 4 0.0 0.0 0.0171756213484 0.0140078631894 0.0150751487608 0.0346891134051 0.59195313451 0.299134500008 0.121399267399 0.119697220967 0.572684981685 0.228009912181
7 4 2 3 0.02 0.14 0.0245770885155 0.0128599394167 0.0308636646613 0.0403534605848 0.411850241936 0.337386295481 0.07575 0.101069592361 0.529833333333 0.17795786018
7 4 3 2 0.0 0.0 0.0174949119566 0.0107451748754 0.0489384549788 0.0437698773644 0.299376558933 0.367693708228 0.0536 0.107281229589 0.508233333333 0.218197135637
7 4 4 1 0.0 0.0 0.019759922995 0.0109575818671 0.0614986933078 0.0414051556929 0.15088488611 0.302350361131 0.0266666666667 0.0533333333333 0.779166666667 0.14939693586
7 4 5 0 0.0 0.0 0.0151826482685 0.00634967436081 0.0963372184914 0.026645698191 0.0 0.0 0.0 0.0 0.8075 0.104761634199
8 4 0 5 0.0 0.0 0.00217899678391 0.00136385614612 0.0 0.0 0.752370608062 0.0353289302614 0.295833333333 0.162660177466 0.0516666666667 0.0259004504465
8 4 1 4 0.18 0.57236352085 0.0348904681893 0.0252076617825 0.0164051282051 0.0340906343763 0.566176068376 0.285252038795 0.029 0.062895747074 0.646889705882 0.196132586562
8 4 2 3 0.0 0.0 0.0208571141772 0.0138372698445 0.0335769230769 0.0453756914545 0.453152991453 0.371723939377 0.136742647059 0.115640538561 0.539573529412 0.278924020502
8 4 3 2 0.0 0.0 0.0186242177221 0.013553479403 0.0433333333333 0.0429509503183 0.297456410256 0.365100788873 0.062625 0.0971064975941 0.653176470588 0.235869445517
8 4 4 1 0.0 0.0 0.0160142127378 0.00968770321663 0.0703512820513 0.0413248860162 0.150921367521 0.302317166986 0.05 0.1 0.703676470588 0.248041637592
8 4 5 0 0.0 0.0 0.0147181411774 0.00730235375269 0.0807692307692 0.017846677793 0.0 0.0 0.0 0.0 0.816911764706 0.0746024643136
9 4 0 5 1.0 0.0 0.00580742795137 0.00278032379094 0.0 0.0 0.726239316239 0.0516748489488 0.257352941176 0.138715530024 0.0492647058824 0.0465969985816
9 4 1 4 0.0 0.0 0.0271487245476 0.025553628414 0.0154213675214 0.0325437342473 0.574742735043 0.290056334629 0.094875 0.0919764745737 0.610977941176 0.165481179968
9 4 2 3 0.0 0.0 0.0234662114503 0.0186777318879 0.034652991453 0.0438616628741 0.443156410256 0.363587934781 0.052875 0.0797036503242 0.668352941176 0.13276593734
9 4 3 2 0.0 0.0 0.0160189207399 0.0115449079032 0.0483427350427 0.0440916535484 0.290060683761 0.356591926131 0.0505 0.10114840582 0.584514705882 0.21110983864
9 4 4 1 0.0 0.0 0.0164826828463 0.00949306096538 0.0655247863248 0.0411672156927 0.145241025641 0.291137317298 0.0 0.0 0.648794117647 0.189241666407
9 4 5 0 0.0 0.0 0.0149937169789 0.00709036069466 0.0818803418803 0.0167259519759 0.0 0.0 0.0 0.0 0.828676470588 0.0592174311521
10 4 0 5 1.0 0.0 0.00398743231315 0.00197763284294 0.0 0.0 0.726923076923 0.0464693238259 0.269117647059 0.15306485384 0.0485294117647 0.0464109818766
10 4 1 4 0.0 0.0 0.0267235527385 0.0231089647923 0.0158384615385 0.0330873737218 0.566321367521 0.287248907696 0.100875 0.0947241884367 0.572213235294 0.182626167905
10 4 2 3 0.1 0.3 0.0211275923077 0.0124086019939 0.0317974358974 0.0401953216698 0.428087179487 0.352268400165 0.0430147058824 0.0660646522624 0.544360294118 0.186232511052
10 4 3 2 0.0 0.0 0.0191284818703 0.0143680194042 0.039988034188 0.0340139070362 0.290071794872 0.35625587214 0.0716764705882 0.114955068701 0.684205882353 0.255905097028
10 4 4 1 0.0 0.0 0.0185415555246 0.0105082616528 0.0563213675214 0.0322526685604 0.144471794872 0.289349300559 0.013 0.0282798514848 0.752551470588 0.110302963126
10 4 5 0 0.0 0.0 0.0139439745201 0.00727918499644 0.0876923076923 0.0246568975686 0.0 0.0 0.0 0.0 0.802941176471 0.106315494774
11 4 0 5 1.0 0.0 0.001186631975 0.000848662393185 0.0 0.0 0.694871794872 0.0524482776433 0.281617647059 0.153544483146 0.0468823529412 0.0470557351928
11 4 1 4 0.24 0.427083130081 0.033753907769 0.0169458960156 0.0118102564103 0.0240065505342 0.551794871795 0.281172933046 0.0421838235294 0.0664655983779 0.638889705882 0.204728803415
11 4 2 3 0.0 0.0 0.0166300490056 0.0117676314769 0.0250170940171 0.0315974953027 0.416153846154 0.344061769144 0.0841764705882 0.116663002084 0.484617647059 0.227461964956
11 4 3 2 0.0 0.0 0.0151574311755 0.0108610770517 0.0393128205128 0.0373005200026 0.281148717949 0.345584413838 0.075 0.1 0.579411764706 0.29750439792
11 4 4 1 0.0 0.0 0.0174499576341 0.00989320993836 0.0613572649573 0.0395915394541 0.139774358974 0.280258574635 0.0588235294118 0.117647058824 0.734558823529 0.225789177321
11 4 5 0 0.0 0.0 0.0153739153792 0.0067766581546 0.0729914529915 0.0290741543374 0.0 0.0 0.0 0.0 0.804411764706 0.0463526985661
12 4 0 5 1.0 0.0 0.00271752066677 0.00200858475336 0.0 0.0 0.672820512821 0.0663363502123 0.269852941176 0.140296738168 0.0724264705882 0.0231477548666
12 4 1 4 0.0 0.0 0.0199504768034 0.0147810966956 0.00942564102564 0.0221557390771 0.542382905983 0.275684608303 0.115823529412 0.0984754834857 0.564073529412 0.117969733047
12 4 2 3 0.0 0.0 0.0177744602517 0.0142649999409 0.0305948717949 0.0398949455422 0.415211111111 0.341098406318 0.0992941176471 0.0847440375667 0.628544117647 0.225611994013
12 4 3 2 0.0 0.0 0.0195464523032 0.0129613480826 0.0369547008547 0.0346762294313 0.273607692308 0.3369910427 0.0858823529412 0.108319979658 0.656294117647 0.238840288459
12 4 4 1 0.0 0.0 0.0206180345139 0.0100783495045 0.0660564102564 0.0379805845644 0.133336752137 0.267706972538 0.0125 0.025 0.703676470588 0.248041637592
12 4 5 0 0.0 0.0 0.0154832249519 0.00646782651768 0.0858974358974 0.0301698505893 0.0 0.0 0.0 0.0 0.792647058824 0.095774704999
13 4 0 5 1.0 0.0 0.0040917026659 0.00183637970336 0.0 0.0 0.673931623932 0.0578134214639 0.281617647059 0.153544483146 0.0617647058824 0.0395558166362
13 4 1 4 0.0 0.0 0.0253446868167 0.0155316400415 0.013158974359 0.0275662184837 0.527068376068 0.268939275249 0.114235294118 0.0964095664251 0.601169117647 0.155908262795
13 4 2 3 0.0 0.0 0.0217626037577 0.0150526095205 0.029405982906 0.041403913806 0.394387179487 0.327432471711 0.0493235294118 0.0738627503032 0.678382352941 0.158774229821
13 4 3 2 0.0 0.0 0.0178144466772 0.0123071443176 0.035764957265 0.0377607618696 0.271939316239 0.334524000947 0.108948529412 0.134169923982 0.584308823529 0.298485113708
13 4 4 1 0.0 0.0 0.0178588576603 0.0105732584229 0.0364273504274 0.0350871471746 0.129917948718 0.261818792816 0.05 0.1 0.691176470588 0.235489349152
13 4 5 0 0.0 0.0 0.0158195955085 0.00645193767251 0.0736752136752 0.0247459145978 0.0 0.0 0.0 0.0 0.804411764706 0.0463526985661
14 4 0 5 0.0 0.0 0.00451699876692 0.00256880753876 0.0 0.0 0.628290598291 0.0795434044324 0.269117647059 0.15306485384 0.0742647058824 0.061404763518
14 4 1 4 0.0 0.0 0.0236977463646 0.019897236305 0.0139982905983 0.0316662123916 0.511871794872 0.263531094027 0.082375 0.102562404784 0.568044117647 0.179845558624
14 4 2 3 0.0 0.0 0.0214091312711 0.0143715014683 0.0213726495726 0.0312155306457 0.378555555556 0.314252496224 0.0885588235294 0.110715387633 0.552507352941 0.244677734855
14 4 3 2 0.18 0.384187454246 0.0212921627541 0.0104773194482 0.0433820512821 0.0405238314133 0.257815384615 0.318434637261 0.0368602941176 0.0500482741658 0.607742647059 0.154416857584
14 4 4 1 0.0 0.0 0.0156047486444 0.00934343058083 0.0413846153846 0.0377037659193 0.128076923077 0.258633547006 0.0591764705882 0.118613150977 0.673176470588 0.229290514715
14 4 5 0 0.0 0.0 0.015027015541 0.00706162766902 0.0611965811966 0.0248737039242 0.0 0.0 0.0 0.0 0.768382352941 0.113958728036
15 4 0 5 1.0 0.0 0.0038954488025 0.00288134485996 0.0 0.0 0.63811965812 0.0641096292403 0.231617647059 0.160624322599 0.0985294117647 0.0757531389599
15 4 1 4 0.04 0.195959179423 0.028984631903 0.0212335210375 0.0157504273504 0.0342205274647 0.511875213675 0.261376536048 0.119463235294 0.102965987294 0.589963235294 0.144961939246
15 4 2 3 0.02 0.198997487421 0.0311314453988 0.0218083065204 0.0277211973022 0.0361069505632 0.36631073619 0.302739307434 0.021045751634 0.0499346405229 0.778823529412 0.168897589772
15 4 3 2 0.06 0.341174442185 0.02114695461 0.0224116593783 0.0509686133733 0.0451343499695 0.257210247684 0.316504810576 0.00277777777778 0.0135514565752 0.761888888889 0.134258411236
15 4 4 1 0.0 0.0 0.0136356505018 0.0102224123588 0.0612920590706 0.035823250288 0.130737160074 0.263870868281 0.0444444444444 0.0888888888889 0.699888888889 0.218527592404
15 4 5 0 0.0 0.0 0.0117523391719 0.00782625222408 0.084744180217 0.0215545073455 0.0 0.0 0.0 0.0 0.8 0.103040205506
16 4 0 5 1.83 0.530188645672 0.0177335861477 0.00323978760493 0.0 0.0 0.63668478854 0.0725591085183 0.244444444444 0.143156652519 0.122222222222 0.0647883543872
16 4 1 4 0.0 0.0 0.0238294570008 0.0203616083246 0.0160444754573 0.0335618286453 0.506957750991 0.26208870558 0.0336666666667 0.0745928040749 0.612 0.200891101266
16 4 2 3 0.0 0.0 0.0166057592549 0.0143140157437 0.0268656153117 0.0370247885987 0.384934808784 0.318409981835 0.0946666666667 0.0943526351147 0.534333333333 0.293131643624
16 4 3 2 0.0 0.0 0.0203961325367 0.0154332981337 0.0453106951913 0.0418168591547 0.258515205968 0.318730346455 0.0333333333333 0.0666666666667 0.646444444444 0.103331899632
16 4 4 1 0.0 0.0 0.0142321455479 0.0100225564051 0.0668454448989 0.0395293404776 0.126319905872 0.254007952066 0.0558888888889 0.112023531479 0.710777777778 0.247677882205
16 4 5 0 0.0 0.0 0.0116581259831 0.00729314798482 0.0738959821828 0.0228340146235 0.0 0.0 0.0 0.0 0.8 0.0753592220347
17 4 0 5 1.98 0.14 0.0114157647337 0.00185499091794 0.0 0.0 0.622911648297 0.0763106403996 0.211111111111 0.150718444069 0.0888888888889 0.0444444444444
17 4 1 4 0.1 0.435889894354 0.0227832786331 0.019695516375 0.0156458679382 0.0320075762213 0.500411969731 0.259567314206 0.103222222222 0.128402290276 0.584444444444 0.278408173571
17 4 2 3 0.02 0.198997487421 0.0168115208123 0.0134724934836 0.0251802824815 0.034123927012 0.374812174914 0.309787163609 0.102333333333 0.127621111687 0.547888888889 0.278748060947
17 4 3 2 0.0 0.0 0.0154393431451 0.0113570360488 0.0446223427139 0.0412939482341 0.250235553257 0.308868766955 0.1 0.123728096952 0.599555555556 0.293366664773
17 4 4 1 0.0 0.0 0.0142321845819 0.01108237676 0.0598510736876 0.035503576409 0.120465399215 0.243912929456 0.0 0.0 0.731333333333 0.101426613986
17 4 5 0 0.0 0.0 0.0130241351575 0.00851214220284 0.0805443110437 0.0201650336265 0.0 0.0 0.0 0.0 0.777777777778 0.0351364184463
18 4 0 5 0.74 0.438634243989 0.00387882265029 0.00305452800994 0.0 0.0 0.596726339055 0.0861309243387 0.244444444444 0.143156652519 0.111111111111 0.099380799
18 4 1 4 0.22 0.609590026165 0.0412193939264 0.0405057767111 0.0118739539318 0.0252135054456 0.47615318311 0.246487266135 0.0393333333333 0.0772748821248 0.63 0.261951366705
18 4 2 3 0.02 0.198997487421 0.0220964832639 0.015437193919 0.0294807347421 0.0373921193467 0.367485776289 0.306282690055 0.0228888888889 0.0469520375187 0.577 0.294250481187
18 4 3 2 0.0 0.0 0.0183944315684 0.0143721943384 0.0494187983515 0.0408002652181 0.24344048827 0.302220085691 0.0166666666667 0.0404450549404 0.717777777778 0.190139649783
18 4 4 1 0.0 0.0 0.0152686810459 0.0121576167927 0.0653580505267 0.0434606359404 0.121239549528 0.244743523165 0.0 0.0 0.722222222222 0.0496903995
18 4 5 0 0.0 0.0 0.011642788162 0.00797115151384 0.0568192556114 0.0215869372224 0.0 0.0 0.0 0.0 0.744444444444 0.0902670933848
19 4 0 5 2.0 0.0 0.020819436647 0.00336169746351 0.0 0.0 0.580902183426 0.0929848272737 0.233333333333 0.142291649721 0.144444444444 0.103040205506
19 4 1 4 0.03 0.221585198062 0.0218010920193 0.0193048134459 0.014180034981 0.0312911532583 0.478482607719 0.24610354658 0.0572222222222 0.0890467348512 0.617 0.244991584638
19 4 2 3 0.0 0.0 0.0172221475316 0.0162995799027 0.0240000482327 0.0354453835935 0.372849083826 0.309325321801 0.102222222222 0.0855339077952 0.647111111111 0.165739048202
19 4 3 2 0.0 0.0 0.0190408874548 0.013232245373 0.0408825467417 0.0392732208605 0.231906525424 0.288808201599 0.0445555555556 0.0891453937933 0.621 0.178801876699
19 4 4 1 0.0 0.0 0.0140781801543 0.00990770761569 0.0589721060218 0.0341735673665 0.116615167663 0.234650876358 0.0444444444444 0.0888888888889 0.688888888889 0.174270968237
19 4 5 0 0.0 0.0 0.0122599836695 0.0067255055635 0.0753761268667 0.0152003384595 0.0 0.0 0.0 0.0 0.755555555556 0.0753592220347
20 4 0 5 0.0 0.0 0.00778919642093 0.00450347834123 0.0 0.0 0.586168276418 0.0702915794383 0.166666666667 0.099380799 0.144444444444 0.129576708774
20 4 1 4 0.0 0.0 0.0170820217603 0.0127276517013 0.0137146072487 0.0280878178622 0.477478851203 0.244866930081 0.103666666667 0.116216645288 0.404444444444 0.172934012963
20 4 2 3 0.0 0.0 0.0174151378323 0.0119744648309 0.0288479241289 0.036435585956 0.368508144633 0.306106515312 0.0668888888889 0.0819963865509 0.482666666667 0.125297867322
20 4 3 2 0.02 0.198997487421 0.0232537072396 0.0195146103579 0.0442542654234 0.0417915844207 0.24683024034 0.305551237235 0.0447777777778 0.0898621028625 0.699666666667 0.17146035787
20 4 4 1 0.0 0.0 0.0131656437134 0.00985678524252 0.0452089432537 0.035409746487 0.118073249946 0.237595410134 0.0 0.0 0.677777777778 0.203062965361
20 4 5 0 0.0 0.0 0.0131177525001 0.00747565996144 0.0698753484547 0.0283291672173 0.0 0.0 0.0 0.0 0.744444444444 0.103040205506
21 4 0 5 1.85 0.517204021639 0.01684137873 0.00346859714114 0.0 0.0 0.544354629175 0.0786271880395 0.222222222222 0.126686158344 0.111111111111 0.0785674201318
21 4 1 4 0.0 0.0 0.0178624563408 0.0136177149251 0.0131669308315 0.0292540847962 0.460892274956 0.242566965087 0.129111111111 0.114974822794 0.483444444444 0.204556098738
21 4 2 3 0.02 0.198997487421 0.0256073324115 0.0197295276105 0.0271939844346 0.0392685489117 0.351164091793 0.291836073937 0.0338888888889 0.0688956089912 0.654 0.125855296097
21 4 3 2 0.0 0.0 0.0178550242004 0.0123501145259 0.0327706638295 0.0316766631766 0.23243483202 0.289050451078 0.089 0.10903046352 0.577333333333 0.242863168304
21 4 4 1 0.0 0.0 0.0145742122096 0.0112105912606 0.0449653414768 0.0311759941315 0.116915784337 0.237736196775 0.0333333333333 0.0666666666667 0.721777777778 0.157761501508
21 4 5 0 0.0 0.0 0.0114658202918 0.00728335384597 0.0641398846218 0.0339738548025 0.0 0.0 0.0 0.0 0.755555555556 0.114395890455
22 4 0 5 1.92 0.271293199325 0.0198160983482 0.00475212124906 0.0 0.0 0.546538830122 0.0986265374827 0.177777777778 0.107726219054 0.122222222222 0.0816496580928
22 4 1 4 0.0 0.0 0.0284203014919 0.0297828353607 0.011684959643 0.0283471125533 0.455866961602 0.238647292735 0.0481111111111 0.0780954623174 0.713111111111 0.192394784457
22 4 2 3 0.14 0.510294032887 0.0336395235453 0.0344448163792 0.0163429082826 0.0270150615858 0.319288930636 0.2705855859 0.00677777777778 0.0349212517983 0.735555555556 0.111753697428
22 4 3 2 0.0 0.0 0.0183746806229 0.0137929280947 0.0425366008566 0.0416834475266 0.2309417902 0.285443273177 0.0676666666667 0.0841529325061 0.720222222222 0.161347565947
22 4 4 1 0.0 0.0 0.0139252396894 0.0113802090929 0.0708843781752 0.0439992146317 0.120373106867 0.241862153961 0.0346666666667 0.0698902137306 0.706111111111 0.157192773057
22 4 5 0 0.0 0.0 0.0115214148269 0.00808481567335 0.0653298939092 0.0263433198901 0.0 0.0 0.0 0.0 0.744444444444 0.0444444444444
23 4 0 5 0.0 0.0 0.00456867656671 0.00342114352139 0.0 0.0 0.55094750806 0.0759631018948 0.211111111111 0.107726219054 0.0888888888889 0.0272165526976
23 4 1 4 0.12 0.474973683482 0.027354129568 0.0224237475404 0.0101217477269 0.0250880160851 0.452631505866 0.236943721036 0.00366666666667 0.026622880719 0.594888888889 0.238712699885
23 4 2 3 0.0 0.0 0.0218984117801 0.0167744138268 0.0293120185974 0.0394501680875 0.34871043389 0.289713425868 0.0355555555556 0.0697968834424 0.558555555556 0.1753575184
23 4 3 2 0.0 0.0 0.0170381812181 0.013978472608 0.0334913022752 0.0365460141324 0.221971451888 0.27618071436 0.0787777777778 0.101337901944 0.650222222222 0.216911428701
23 4 4 1 0.0 0.0 0.0136306918203 0.00942233053969 0.0521861260288 0.0296138123417 0.111427091555 0.226605847739 0.0555555555556 0.111111111111 0.666 0.203304916047
23 4 5 0 0.0 0.0 0.0129478362959 0.00736744493968 0.0580340501578 0.037263490018 0.0 0.0 0.0 0.0 0.8 0.0902670933848
24 4 0 5 0.0 0.0 0.0104267674556 0.00598330424911 0.0 0.0 0.535123352432 0.0850995496752 0.211111111111 0.150718444069 0.133333333333 0.0753592220347
24 4 1 4 0.0 0.0 0.0145621929807 0.0100536657298 0.0140613350664 0.0291661769325 0.421922541489 0.225940239777 0.1 0.101835015443 0.355777777778 0.205576455394
24 4 2 3 0.0 0.0 0.012487861811 0.0128606367179 0.0221389308822 0.0293685507774 0.333663108832 0.279192505089 0.0782222222222 0.0976504221101 0.443777777778 0.21758960124
24 4 3 2 0.0 0.0 0.0173762762069 0.0147706980215 0.0351003077738 0.0352940582852 0.213644119592 0.266061239171 0.0337777777778 0.0675482452185 0.720444444444 0.179462297014
24 4 4 1 0.0 0.0 0.0148071851803 0.00998163970702 0.0332795622304 0.0298903295564 0.108684812128 0.219651193126 0.0 0.0 0.621777777778 0.181651681339
24 4 5 0 0.0 0.0 0.012054751016 0.00735769136036 0.0544439194789 0.0357514699949 0.0 0.0 0.0 0.0 0.766666666667 0.0415739709642
25 4 0 5 1.92 0.271293199325 0.0170011642715 0.00365341263394 0.0 0.0 0.517602040277 0.0858762877021 0.244444444444 0.143156652519 0.133333333333 0.0753592220347
25 4 1 4 0.0 0.0 0.0111314927705 0.00915577852243 0.0133141721688 0.0293498087853 0.441411311373 0.231531054406 0.112333333333 0.11797567232 0.372777777778 0.226036023568
25 4 2 3 0.0 0.0 0.0227667837811 0.0204690109004 0.0235542575371 0.0316362145468 0.324792579068 0.270153044697 0.0794444444444 0.0774815788541 0.611222222222 0.17464245662
25 4 3 2 0.0 0.0 0.0164319462469 0.0113907212004 0.0379782460064 0.0423572808428 0.214603389384 0.271911564567 0.0562222222222 0.0867068283013 0.644 0.207346075588
25 4 4 1 0.0 0.0 0.0143231670151 0.00996147458731 0.0520065212692 0.0329860335689 0.105764237265 0.216276203789 0.0 0.0 0.632888888889 0.182357131631
25 4 5 0 0.0 0.0 0.0118095075164 0.00688235649601 0.0533093601671 0.00713103394781 0.0 0.0 0.0 0.0 0.788888888889 0.073702773119
26 4 0 5 2.0 0.0 0.0182090660499 0.00296469258938 0.0 0.0 0.536449046929 0.0689423270106 0.177777777778 0.095581391856 0.1 0.0544331053952
26 4 1 4 0.0 0.0 0.0159208510176 0.0129032398989 0.0141655275071 0.0306493758914 0.396049320553 0.215793026707 0.0784444444444 0.0840755098588 0.475666666667 0.205946744884
26 4 2 3 0.0 0.0 0.0171867440047 0.0186875679416 0.0285586442463 0.038115552147 0.313230888066 0.263606030165 0.0467777777778 0.0692338139037 0.634222222222 0.174119867893
26 4 3 2 0.04 0.28 0.0210852934734 0.0179352883612 0.0329714870944 0.0348576130033 0.197907768559 0.25037624967 0.0146666666667 0.0639807069686 0.757111111111 0.129262103333
26 4 4 1 0.0 0.0 0.0151125268219 0.0083480990489 0.0405980471751 0.031444992908 0.105730481433 0.215519255514 0.0111111111111 0.0222222222222 0.655555555556 0.196889390519
26 4 5 0 0.0 0.0 0.0121856905858 0.00706902010335 0.0422275681084 0.0339431128686 0.0 0.0 0.0 0.0 0.755555555556 0.0666666666667
27 4 0 5 1.0 0.0 0.00379548012977 0.00287780939148 0.0 0.0 0.50837435458 0.079857217418 0.188888888889 0.114395890455 0.0888888888889 0.0566557723733
27 4 1 4 0.06 0.341174442185 0.0203026658145 0.0153252819433 0.0105135491575 0.0245103387548 0.405433710346 0.22378464749 0.0914444444444 0.116966334716 0.553555555556 0.135340266197
27 4 2 3 0.0 0.0 0.0204439361324 0.0144664700232 0.0232194988167 0.0311307665082 0.309601576962 0.260903440673 0.0562222222222 0.112927596164 0.587222222222 0.207907713383
27 4 3 2 0.0 0.0 0.01530920933 0.010964525068 0.0298077174396 0.0337685492257 0.200239180213 0.25037052294 0.0333333333333 0.0666666666667 0.542666666667 0.22625627336
27 4 4 1 0.0 0.0 0.0153733051778 0.0109755823644 0.0360075059904 0.027087385679 0.100154844497 0.203597744716 0.000222222222222 0.00350660751957 0.688222222222 0.104784552627
27 4 5 0 0.0 0.0 0.0125466430874 0.00688666310113 0.0598845654729 0.0332429192302 0.0 0.0 0.0 0.0 0.733333333333 0.0544331053952
28 4 0 5 1.0 0.0 0.00466549563687 0.00304732717408 0.0 0.0 0.502460746698 0.0862349888576 0.211222222222 0.138050760033 0.0774444444444 0.0832733858452
28 4 1 4 0.1 0.435889894354 0.0262442891428 0.0281645856734 0.012455303799 0.0275142980024 0.383536003757 0.219950721057 0.0396666666667 0.0721838359527 0.702 0.124070668831
28 4 2 3 0.0 0.0 0.0178432050033 0.0161973012968 0.0202976776494 0.0295137605607 0.313777003434 0.263583421469 0.0483333333333 0.0706473593471 0.576111111111 0.142995942272
28 4 3 2 0.0 0.0 0.0174639276695 0.0134411355333 0.0281224743856 0.0271308405947 0.193610128581 0.2422417413 0.0483333333333 0.0728837227166 0.647444444444 0.222571142739
28 4 4 1 0.0 0.0 0.0161299875949 0.00948001564166 0.031261089467 0.030971410733 0.101621050289 0.207076227489 0.0444444444444 0.0888888888889 0.699888888889 0.167261863149
28 4 5 0 0.0 0.0 0.0119241802278 0.00835018524355 0.0675130034594 0.0225297109834 0.0 0.0 0.0 0.0 0.744444444444 0.103040205506
29 4 0 5 1.0 0.0 0.00849937576684 0.00526898992477 0.0 0.0 0.476471255085 0.0926701778518 0.222222222222 0.153156097245 0.177777777778 0.101835015443
29 4 1 4 0.08 0.391918358845 0.0289883048856 0.0231318950309 0.0116877810786 0.0257279725084 0.380084501186 0.211875545653 0.0372222222222 0.074392602181 0.607111111111 0.212297950421
29 4 2 3 0.0 0.0 0.0248648988886 0.0218034243348 0.0247343330054 0.0334705513077 0.300377819587 0.256135778083 0.0143333333333 0.0394184577935 0.681888888889 0.197475768165
29 4 3 2 0.0 0.0 0.0137519250624 0.0092795438404 0.0404590578503 0.0339593889569 0.197208878122 0.25079965868 0.0222222222222 0.0444444444444 0.555111111111 0.183147515259
29 4 4 1 0.0 0.0 0.0163859474228 0.0147753766982 0.0474662378301 0.0275033247098 0.0960458918081 0.196752728862 0.00266666666667 0.0209125161885 0.736444444444 0.088862218221
29 4 5 0 0.0 0.0 0.0127968911955 0.00709795240234 0.0580895001334 0.0193178413354 0.0 0.0 0.0 0.0 0.788888888889 0.0816496580928
30 4 0 5 0.0 0.0 0.00888607059023 0.00584193359655 0.0 0.0 0.467442907649 0.109639825374 0.144444444444 0.114395890455 0.166666666667 0.099380799
30 4 1 4 0.16 0.54258639865 0.0293508486415 0.0330747706792 0.0121693480984 0.0264039070184 0.373006157588 0.211536098153 0.0251111111111 0.0538543990431 0.661 0.173521941545
30 4 2 3 0.0 0.0 0.0230247978773 0.0171752441569 0.0167145547913 0.0224275048172 0.286986805018 0.244118766933 0.0821111111111 0.0798439063593 0.629777777778 0.156456754566
30 4 3 2 0.0 0.0 0.0161611142429 0.0122781787794 0.0364120830954 0.0364201940499 0.18782243756 0.23780806762 0.0333333333333 0.0666666666667 0.655555555556 0.073702773119
30 4 4 1 0.0 0.0 0.0132046569942 0.00995344763452 0.0304290145254 0.0233061547044 0.0967859616857 0.196941263925 0.0 0.0 0.711111111111 0.133333333333
30 4 5 0 0.0 0.0 0.0118144443375 0.00777669573771 0.0503242855403 0.00695214664525 0.0 0.0 0.0 0.0 0.722222222222 0.099380799
31 4 0 5 0.0 0.0 0.00345441533136 0.0023516773097 0.0 0.0 0.454011761732 0.0858416429788 0.244444444444 0.143156652519 0.1 0.095581391856
31 4 1 4 0.0 0.0 0.0171960981586 0.0116434013043 0.00575246778796 0.0148954788791 0.358510914316 0.205344672714 0.092 0.0923904756996 0.431555555556 0.177449140688
31 4 2 3 0.08 0.391918358845 0.018389486064 0.0175545279554 0.027059075876 0.0386089923803 0.275842696693 0.237395276244 0.0458888888889 0.0914850726541 0.623222222222 0.23770037681
31 4 3 2 0.0 0.0 0.016147186181 0.0132463070901 0.0348769925905 0.0322095485053 0.188929050084 0.239977553729 0.0111111111111 0.0222222222222 0.610222222222 0.146899478522
31 4 4 1 0.0 0.0 0.0140234921675 0.00889331736282 0.0499213518669 0.0310719184205 0.0950435579803 0.19370444874 0.0111111111111 0.0222222222222 0.622222222222 0.187247772737
31 4 5 0 0.0 0.0 0.0112067313353 0.00718513945416 0.058712229765 0.0106836914234 0.0 0.0 0.0 0.0 0.733333333333 0.0647883543872
32 4 0 5 0.0 0.0 0.00828654537094 0.00568790911767 0.0 0.0 0.458074854299 0.0986290147229 0.191222222222 0.0982977964663 0.131 0.0586324605666
32 4 1 4 0.22 0.625779513886 0.0314858333964 0.0302988372614 0.00910370553704 0.0198917864937 0.359638809772 0.203773071498 0.0614444444444 0.0984880139351 0.645888888889 0.160920615349
32 4 2 3 0.0 0.0 0.0258082680427 0.02001942214 0.0215180527518 0.0323276615385 0.282394211656 0.244590940078 0.0294444444444 0.0537799586335 0.556111111111 0.159492830444
32 4 3 2 0.0 0.0 0.0184518091544 0.0117842537636 0.0355561090382 0.0383354329169 0.17886827163 0.22887617027 0.0112222222222 0.0223051231451 0.554888888889 0.180190708301
32 4 4 1 0.0 0.0 0.0129693068203 0.00912561009408 0.025489116314 0.0154588826049 0.0900930130214 0.186275992164 0.0111111111111 0.0222222222222 0.644444444444 0.194365063162
32 4 5 0 0.0 0.0 0.012167143859 0.00711710047499 0.066988182642 0.0122681201995 0.0 0.0 0.0 0.0 0.777777777778 0.0496903995
33 4 0 5 0.0 0.0 0.00914124625735 0.00619581532261 0.0 0.0 0.425993610755 0.11149518034 0.144444444444 0.119670329047 0.144444444444 0.0753592220347
33 4 1 4 0.0 0.0 0.0279159482126 0.0238780732608 0.00997693949932 0.0231836620023 0.369660583482 0.201152175379 0.0913333333333 0.0941050109528 0.578222222222 0.118185040101
33 4 2 3 0.0 0.0 0.0180201849493 0.0159439758 0.0204903263557 0.034287062876 0.280439212392 0.242284878649 0.0215555555556 0.0750607984023 0.628666666667 0.1700049382
33 4 3 2 0.0 0.0 0.0169479600526 0.0138313866472 0.0211514150482 0.025709926627 0.183167809934 0.229687467639 0.016 0.0420558124167 0.593444444444 0.128150133789
33 4 4 1 0.0 0.0 0.0146176229196 0.0106219916998 0.0345020909042 0.029603924578 0.0929530703092 0.190386419076 0.0121111111111 0.0273565845099 0.688888888889 0.167036626426
33 4 5 0 0.0 0.0 0.0117375300452 0.00663893299831 0.0487214467832 0.015028810682 0.0 0.0 0.0 0.0 0.744444444444 0.0902670933848
34 4 0 5 0.0 0.0 0.00739823510055 0.0046827859856 0.0 0.0 0.438895253412 0.11025715531 0.2 0.174270968237 0.155555555556 0.107726219054
34 4 1 4 0.0 0.0 0.0150233186595 0.0128335348052 0.0096917083451 0.0207390659118 0.343168578488 0.19044523411 0.109666666667 0.0989033073134 0.536444444444 0.176397978768
34 4 2 3 0.0 0.0 0.0139350490703 0.0108641444393 0.0168062560247 0.0223235786342 0.260837088324 0.231764242648 0.124222222222 0.115527560712 0.476444444444 0.238929092224
34 4 3 2 0.0 0.0 0.0161128676042 0.0102996897119 0.0328107930649 0.0396301287205 0.176459698254 0.219197119706 0.0558888888889 0.112023531479 0.588 0.258479313593
34 4 4 1 0.0 0.0 0.0163761446625 0.0115894158633 0.0222424579232 0.0301017818657 0.0853008222791 0.176800120852 0.000333333333333 0.00744610263456 0.696444444444 0.08586351501
34 4 5 0 0.0 0.0 0.0111399873334 0.00702157685528 0.0528788571179 0.0346212187435 0.0 0.0 0.0 0.0 0.7 0.0902670933848
35 4 0 5 2.0 0.0 0.0301282946207 0.00517623742686 0.0 0.0 0.429251147198 0.108798899796 0.111111111111 0.0929622251705 0.2 0.114395890455
35 4 1 4 0.0 0.0 0.0156680563628 0.0122314719942 0.00940557309222 0.0234291260665 0.345473202347 0.1930839588 0.0788888888889 0.0771322417414 0.533 0.162666476928
35 4 2 3 0.02 0.198997487421 0.0221950649004 0.0197139152425 0.0195059544472 0.0312352951728 0.25591964788 0.227560375411 0.0114444444444 0.0240603664679 0.766444444444 0.108160603037
35 4 3 2 0.0 0.0 0.0134566154284 0.00869904205878 0.0331045522494 0.0307361409113 0.179825328704 0.230123853192 0.067 0.0893661493071 0.566222222222 0.254921532347
35 4 4 1 0.0 0.0 0.0109194026783 0.00941240840285 0.0378896499716 0.0268738889923 0.0945939364835 0.19145486145 0.0446666666667 0.0894010246579 0.632888888889 0.152412047092
35 4 5 0 0.0 0.0 0.0128718705743 0.00831612206606 0.0368801484862 0.0161193852906 0.0 0.0 0.0 0.0 0.722222222222 0.0496903995
