k_Init k_Turn N_R N_I Davg Dstd TimeAvg TimeStd AvFNR StdFNR AvFPR StdFPR FN stdFN FP std FP
1 3 0 5 0.0 0.0 0.000603567735525 0.000262117953159 0.0 0.0 0.847619047619 0.0574150264371 1.23666666667 0.637390513474 0.0 0.0
1 3 1 4 0.0 0.0 0.00198278661002 0.00126861425522 0.0134021260047 0.0391852177784 0.607713620258 0.315193319606 0.704333333333 0.583855099984 0.2262 0.0377300940895
1 3 2 3 0.0 0.0 0.00371397687821 0.0021058940936 0.0246864319891 0.046817129271 0.462422482342 0.379710296143 0.569333333333 0.469543040271 0.489666666667 0.258828342944
1 3 3 2 0.0 0.0 0.00450202856679 0.0031840104797 0.0351676470588 0.0514527574997 0.319957983193 0.391924127993 0.333333333333 0.408248290464 0.478714285714 0.172757356742
1 3 4 1 0.0 0.0 0.00816478822031 0.00481993402978 0.0509141762452 0.0442160336297 0.160626466254 0.321896070036 0.142857142857 0.285714285714 0.603238095238 0.210309139698
1 3 5 0 0.0 0.0 0.00970722075319 0.00445245468163 0.0785152663846 0.0258345573197 0.0 0.0 0.0 0.0 0.635884920635 0.115978524141
2 3 0 5 0.0 0.0 0.000624038444366 0.000250475183084 0.0 0.0 0.833765638189 0.023027954793 0.588492063492 0.306444799626 0.0 0.0
2 3 1 4 0.0 0.0 0.010935422281 0.00939152756768 0.0153922534531 0.034838975911 0.684735212226 0.344066306205 0.281932539683 0.261079365894 0.513591269841 0.130949667781
2 3 2 3 0.0 0.0 0.0142849362351 0.00909405158798 0.0312889765201 0.0425840920186 0.498883842113 0.407725525006 0.225396825397 0.276099236891 0.572492063492 0.11643226209
2 3 3 2 0.0 0.0 0.0146779073775 0.00896627283618 0.0488752060944 0.0459842155996 0.333429337432 0.408606783154 0.229142857143 0.280785487153 0.662968253968 0.172378201621
2 3 4 1 0.0 0.0 0.0142039184109 0.00775151285407 0.0648616540469 0.0425360559937 0.165848951155 0.331878531754 0.114285714286 0.228571428571 0.664682539683 0.169300801536
2 3 5 0 0.0 0.0 0.0109521899011 0.00476247632102 0.0768207492892 0.0236289274903 0.0 0.0 0.0 0.0 0.664682539683 0.169300801536
3 3 0 5 0.0 0.0 0.000614014115417 0.000238466686089 0.0 0.0 0.816869086465 0.0356023512176 0.588492063492 0.306444799626 0.0 0.0
3 3 1 4 0.0 0.0 0.0174926034221 0.0124493341448 0.0124694258873 0.0263685640246 0.521012829075 0.265580633709 0.185826984127 0.169417037061 0.65726031746 0.110357354444
3 3 2 3 0.0 0.0 0.0146452518809 0.0103362256947 0.0258728562805 0.034720831829 0.497090762164 0.406250534098 0.217163636364 0.205940586794 0.562133333333 0.247995193531
3 3 3 2 0.0 0.0 0.0138650615292 0.00929054914714 0.040756719757 0.0397302052368 0.330836056185 0.405408886183 0.168888888889 0.207322734039 0.596161616162 0.176321399133
3 3 4 1 0.0 0.0 0.0149704566342 0.00741709164215 0.0532616428549 0.0359972906743 0.171366370549 0.342761873079 0.0888888888889 0.177777777778 0.633939393939 0.182578209464
3 3 5 0 0.0 0.0 0.0104934600415 0.00521675938525 0.0644693759227 0.0219341257381 0.0 0.0 0.0 0.0 0.676565656566 0.140614477863
4 3 0 5 0.0 0.0 0.000683746295981 0.000267057354379 0.0 0.0 0.793881762396 0.029899814171 0.46202020202 0.259977002899 0.0 0.0
4 3 1 4 0.0 0.0 0.00957577502937 0.00831327312432 0.0128605211515 0.0281162742851 0.636459877657 0.319406930162 0.273909090909 0.228464710551 0.367947474747 0.116848038545
4 3 2 3 0.0 0.0 0.0162623102008 0.0100793759803 0.0172867631922 0.0330119684669 0.481178624243 0.393633556388 0.120036363636 0.163234451881 0.499587878788 0.12688387582
4 3 3 2 0.0 0.0 0.0148104294634 0.0107947138647 0.0367951339149 0.0382164392781 0.31780198697 0.389699888307 0.0802 0.160461708828 0.578187878788 0.118628789417
4 3 4 1 0.0 0.0 0.0148035421234 0.00777233823761 0.0411959854003 0.0381876843366 0.160598579238 0.321432727636 0.08 0.16 0.640606060606 0.222496066349
4 3 5 0 0.0 0.0 0.0123646262207 0.00507426988668 0.0514712465649 0.0383325330446 0.0 0.0 0.0 0.0 0.738787878788 0.13735531665
5 3 0 5 0.54 0.498397431775 0.00129342676839 0.000897183254249 0.0 0.0 0.772230644635 0.036129566147 0.439797979798 0.25574640536 0.0606222222222 0.0513233083044
5 3 1 4 0.0 0.0 0.0131664312212 0.00964264067852 0.0121570075066 0.026692818835 0.617163736392 0.310702408884 0.327836363636 0.207829255213 0.45697979798 0.238126375903
5 3 2 3 0.06 0.310483493925 0.0279700599704 0.0131334458032 0.0201055508363 0.0280126538355 0.359449145072 0.297170930577 0.102941025641 0.136141784246 0.606186247086 0.133578273333
5 3 3 2 0.0 0.0 0.014250582339 0.0120198494308 0.0493925724027 0.0419914593174 0.320112256941 0.392621337229 0.0714285714286 0.142857142857 0.591225641026 0.231378383151
5 3 4 1 0.0 0.0 0.0124477420538 0.00805842894992 0.064865659773 0.0422446227043 0.15913896866 0.318528792912 0.0533333333333 0.106666666667 0.675164835165 0.220995225197
5 3 5 0 0.0 0.0 0.00953040150343 0.00611303183308 0.0814251058409 0.0185156228278 0.0 0.0 0.0 0.0 0.810549450549 0.0986751998886
6 3 0 5 0.0 0.0 0.000644125014078 0.000245471566753 0.0 0.0 0.779445271814 0.0260232438306 0.334798534799 0.186037317227 0.0 0.0
6 3 1 4 0.0 0.0 0.0133196049149 0.0116234616254 0.0179653469334 0.0367221990718 0.60745966056 0.30555693343 0.189995604396 0.160974163536 0.372108424908 0.20790762568
6 3 2 3 0.0 0.0 0.021120491348 0.0160825794974 0.0271368421903 0.0375816087998 0.41615641007 0.343206462131 0.113525490196 0.116887480045 0.635321568627 0.240509649693
6 3 3 2 0.0 0.0 0.0185728968238 0.0139176473201 0.0437986859039 0.042418856811 0.303913838651 0.372843708818 0.0735 0.0907252783108 0.708102941176 0.195387280113
6 3 4 1 0.0 0.0 0.0145729133592 0.00998649262667 0.0759993349908 0.0402252411046 0.15818884384 0.316654548747 0.0 0.0 0.667867647059 0.185023451357
6 3 5 0 0.0 0.0 0.0121765122702 0.00781992355624 0.0764625669154 0.0125794177287 0.0 0.0 0.0 0.0 0.817647058824 0.103009431154
7 3 0 5 0.0 0.0 0.00302974738297 0.00195681216855 0.0 0.0 0.779349940549 0.0213398774645 0.228066176471 0.158974297142 0.0481691176471 0.0245899536323
7 3 1 4 0.0 0.0 0.0216832138563 0.01970606619 0.0140550693807 0.0294547712272 0.612813015148 0.307525579548 0.141117647059 0.0952868937894 0.604669117647 0.231991443822
7 3 2 3 0.08 0.391918358845 0.0294941937353 0.0208794782442 0.0315454434302 0.0415438716222 0.44496374667 0.364524728776 0.045568627451 0.0652237859449 0.714849673203 0.229875294336
7 3 3 2 0.0 0.0 0.0130955985328 0.0119392138128 0.0451711009857 0.040563901721 0.314136192263 0.385177133112 0.0472941176471 0.0946599084613 0.541908496732 0.258825531121
7 3 4 1 0.0 0.0 0.0143666624383 0.0118475340466 0.0629035587719 0.0398597222455 0.153163423568 0.306812664035 0.0 0.0 0.708496732026 0.207945878335
7 3 5 0 0.0 0.0 0.0125570541178 0.00796277306054 0.0876261949433 0.0144360959932 0.0 0.0 0.0 0.0 0.815032679739 0.0979433082088
8 3 0 5 2.0 0.0 0.00609281400335 0.0010924261309 0.0 0.0 0.733126288658 0.0492989797745 0.177777777778 0.123728096952 0.0333333333333 0.0272165526976
8 3 1 4 0.0 0.0 0.0167970191478 0.0136456036028 0.0184978499492 0.0395342645048 0.608840688523 0.306623894046 0.169444444444 0.101097373914 0.379888888889 0.313028594915
8 3 2 3 0.0 0.0 0.0185581353609 0.0146064964479 0.0356705750391 0.047532405215 0.45192886173 0.370264206819 0.102777777778 0.108745654092 0.505444444444 0.316658849806
8 3 3 2 0.0 0.0 0.0157649384462 0.0129083922848 0.0516278134261 0.0458996282623 0.307845201975 0.377501652106 0.0673333333333 0.0902509532797 0.610222222222 0.327201678284
8 3 4 1 0.0 0.0 0.0145925658045 0.0104899174409 0.0790904331013 0.044939428775 0.15072567436 0.302042774977 0.0555555555556 0.111111111111 0.711 0.259374818161
8 3 5 0 0.0 0.0 0.0133905104618 0.00877909176841 0.090850014681 0.0296541703336 0.0 0.0 0.0 0.0 0.822222222222 0.0647883543872
9 3 0 5 0.67 0.47021271782 0.00171652921708 0.00133737758797 0.0 0.0 0.75572866901 0.0443948613889 0.244555555556 0.143160921283 0.0332222222222 0.0272389970991
9 3 1 4 0.0 0.0 0.0125255983812 0.0121209422881 0.0180577348667 0.0373017556834 0.604888281149 0.303362857804 0.129666666667 0.121493331626 0.327555555556 0.231535294486
9 3 2 3 0.06 0.341174442185 0.0261737344041 0.0236279501034 0.0295694497743 0.0427545677681 0.442932048959 0.363404339634 0.012 0.0261373390732 0.708777777778 0.258243329602
9 3 3 2 0.0 0.0 0.0166058080061 0.0128409254894 0.0427445646702 0.0425450187473 0.295959292677 0.363157052146 0.0888888888889 0.10886621079 0.61 0.321779389192
9 3 4 1 0.0 0.0 0.0156074490014 0.0101644127147 0.0633086187217 0.0399684596099 0.147511180475 0.295839852992 0.0444444444444 0.0888888888889 0.709333333333 0.258498609018
9 3 5 0 0.0 0.0 0.0134542220877 0.00755145699008 0.0801987256715 0.0221629594674 0.0 0.0 0.0 0.0 0.822222222222 0.073702773119
10 3 0 5 2.0 0.0 0.00660816228716 0.00122674678954 0.0 0.0 0.710129073461 0.0556310523327 0.222222222222 0.111111111111 0.0555555555556 2.08166817117e-17
10 3 1 4 0.0 0.0 0.0139072819357 0.0120418381849 0.0167841915112 0.0349238759642 0.580599115335 0.292789400756 0.112444444444 0.101218258247 0.325111111111 0.228913806626
10 3 2 3 0.0 0.0 0.0139793946943 0.0119557206713 0.0305324859404 0.0387584035605 0.438915817431 0.360088698271 0.101666666667 0.127185826914 0.441222222222 0.275426918899
10 3 3 2 0.0 0.0 0.0124119144015 0.0107789314838 0.0498083381273 0.0475650430726 0.289873970479 0.356511762011 0.0452222222222 0.0906663262521 0.551222222222 0.262631013749
10 3 4 1 0.0 0.0 0.0137632390379 0.00946858849721 0.0565984344448 0.038603633536 0.144862741067 0.290478714247 0.0446666666667 0.0894010246579 0.688666666667 0.240313478401
10 3 5 0 0.0 0.0 0.0120275960385 0.00719708703298 0.0838443063261 0.0328372415809 0.0 0.0 0.0 0.0 0.8 0.0831479419283
11 3 0 5 0.46 0.498397431775 0.00475681521813 0.00284496422813 0.0 0.0 0.706108439733 0.0592195932492 0.244444444444 0.143156652519 0.0664444444444 0.0545911854686
11 3 1 4 0.0 0.0 0.021100273123 0.0147399553504 0.0169494004009 0.0370412519911 0.575060438713 0.291279958727 0.107 0.0982646338802 0.443444444444 0.217885999188
11 3 2 3 0.0 0.0 0.0179339036706 0.0165796162951 0.028139062906 0.0387402574261 0.42685733267 0.351642706479 0.102666666667 0.112668200735 0.628777777778 0.241656296074
11 3 3 2 0.0 0.0 0.0162528874038 0.0118985823078 0.0426359679172 0.0463170482331 0.283063448151 0.348166064886 0.0666666666667 0.0888888888889 0.588888888889 0.307518944513
11 3 4 1 0.0 0.0 0.0146055088413 0.0107882193972 0.0667177469495 0.0357979365603 0.138796260242 0.278498274018 0.0 0.0 0.666666666667 0.195631298463
11 3 5 0 0.0 0.0 0.0137963814416 0.00878295814936 0.0817591055901 0.0195557647854 0.0 0.0 0.0 0.0 0.833333333333 0.0860662965824
12 3 0 5 0.52 0.499599839872 0.00124354380183 0.000782160380942 0.0 0.0 0.704023238997 0.0734800519734 0.244444444444 0.143156652519 0.0324444444444 0.0445465493807
12 3 1 4 0.0 0.0 0.0184095727408 0.0133847175017 0.0144808368405 0.0309881280281 0.574601901564 0.290396752834 0.128888888889 0.120564515796 0.396666666667 0.236724041037
12 3 2 3 0.0 0.0 0.0116002728639 0.010757382825 0.0309300668427 0.0424476341832 0.422538890677 0.346924748665 0.0912222222222 0.11224196746 0.398777777778 0.268640358054
12 3 3 2 0.0 0.0 0.0156762474135 0.0110986094482 0.0564525031351 0.0480382013368 0.275255213178 0.339071151715 0.0888888888889 0.10886621079 0.599555555556 0.309662978888
12 3 4 1 0.0 0.0 0.0135945352563 0.0106709580645 0.0628182747629 0.0364227289475 0.137830996924 0.276829747253 0.0444444444444 0.0888888888889 0.666666666667 0.255796987405
12 3 5 0 0.0 0.0 0.0119842915481 0.00673231153065 0.0613092601811 0.0322585468566 0.0 0.0 0.0 0.0 0.777777777778 0.111111111111
13 3 0 5 1.0 0.0 0.00616865249467 0.00272910619339 0.0 0.0 0.676216326022 0.0586430558898 0.255555555556 0.143156652519 0.0666666666667 0.0647883543872
13 3 1 4 0.0 0.0 0.0148069982952 0.0117775440203 0.0147148012356 0.032904876956 0.538743357797 0.274641546363 0.128111111111 0.118221961153 0.336222222222 0.254110017974
13 3 2 3 0.0 0.0 0.0169328361459 0.0134577103361 0.0294329840396 0.0387656818288 0.414167737761 0.34079004379 0.0705555555556 0.09456038635 0.439555555556 0.246081989749
13 3 3 2 0.0 0.0 0.0138120234362 0.0114506326546 0.0545526880388 0.0499016209942 0.276845905046 0.341011892491 0.100777777778 0.125257808214 0.598222222222 0.315671809571
13 3 4 1 0.0 0.0 0.0139034304838 0.0102962353071 0.0595098792493 0.0331889449761 0.140016515995 0.281430464676 0.0446666666667 0.0894010246579 0.688111111111 0.249152910558
13 3 5 0 0.0 0.0 0.0128798188758 0.00808999018028 0.077405877627 0.0346753773753 0.0 0.0 0.0 0.0 0.777777777778 0.0496903995
14 3 0 5 0.0 0.0 0.00479214454535 0.00288782809145 0.0 0.0 0.675376584549 0.0444165518006 0.188888888889 0.0968644209676 0.0444444444444 0.0415739709642
14 3 1 4 0.0 0.0 0.0182268299325 0.0164313645387 0.0136423247728 0.030553904388 0.537321504944 0.272809292397 0.068 0.109288156882 0.516111111111 0.174004221603
14 3 2 3 0.0 0.0 0.0180097808701 0.0122884970663 0.0272830779349 0.0355255772387 0.392074200165 0.325377076952 0.0565555555556 0.0870234110689 0.420777777778 0.205364205231
14 3 3 2 0.0 0.0 0.0165959385806 0.0111173523156 0.0403624604721 0.0357820531328 0.268553342172 0.33119127969 0.0894444444444 0.109683889225 0.565 0.315470939359
14 3 4 1 0.0 0.0 0.0180639199365 0.0110492987347 0.0590901218773 0.0387507286889 0.131356546512 0.26411089959 0.0555555555556 0.111111111111 0.710666666667 0.197989399891
14 3 5 0 0.0 0.0 0.0136195785913 0.00771864015071 0.0702633926654 0.0138321643501 0.0 0.0 0.0 0.0 0.822222222222 0.107726219054
15 3 0 5 1.0 0.0 0.00558841388789 0.00254934536862 0.0 0.0 0.6528793148 0.0544456172751 0.2 0.103040205506 0.0333333333333 0.0272165526976
15 3 1 4 0.0 0.0 0.0170621871075 0.0127522474481 0.0123354998138 0.0289009796658 0.517664604045 0.264855629475 0.147444444444 0.12375658107 0.319444444444 0.180905643505
15 3 2 3 0.0 0.0 0.0157914687262 0.0115045842076 0.0292228138451 0.0430840612718 0.383263545461 0.317501670842 0.1 0.123728096952 0.465 0.279820820094
15 3 3 2 0.0 0.0 0.0139233702887 0.0116844479426 0.0421084425492 0.0375994482852 0.260368393443 0.322133083166 0.0445555555556 0.0891453937933 0.544 0.266832911143
15 3 4 1 0.0 0.0 0.0157084370882 0.00917431879199 0.0579192239961 0.0399824069596 0.133183414437 0.268522648959 0.0111111111111 0.0222222222222 0.677777777778 0.217732421581
15 3 5 0 0.0 0.0 0.0114958294062 0.0073765037514 0.0653298939092 0.0263433198901 0.0 0.0 0.0 0.0 0.766666666667 0.095581391856
16 3 0 5 0.0 0.0 0.00650918603758 0.00300297391132 0.0 0.0 0.643788405709 0.0633120206267 0.244444444444 0.143156652519 0.0777777777778 0.0272165526976
16 3 1 4 0.08 0.391918358845 0.0273762745166 0.0215444512445 0.0125034547975 0.0261119178039 0.511383635674 0.263276422927 0.0823333333333 0.10484668407 0.597111111111 0.222697380893
16 3 2 3 0.12 0.474973683482 0.0273625187017 0.0323840931061 0.0251916192731 0.0440060156443 0.375937581987 0.311444640346 0.0253333333333 0.0539794199467 0.703 0.240974641358
16 3 3 2 0.0 0.0 0.0189359670633 0.0171216427605 0.0299974880281 0.030922840138 0.257385035829 0.317723177293 0.0666666666667 0.0816496580928 0.711111111111 0.183921615081
16 3 4 1 0.0 0.0 0.0162331545004 0.0102010767818 0.0520610139847 0.0329432805174 0.129888909582 0.261796123613 0.0 0.0 0.633333333333 0.194365063162
16 3 5 0 0.0 0.0 0.0121484448039 0.00736558339006 0.0651329848845 0.0467653578903 0.0 0.0 0.0 0.0 0.788888888889 0.107726219054
17 3 0 5 0.0 0.0 0.00260193293914 0.0019934096168 0.0 0.0 0.628160067709 0.0634102324689 0.211111111111 0.150718444069 0.0554444444444 0.0352239747198
17 3 1 4 0.0 0.0 0.0225187192869 0.0127657170695 0.0122257254089 0.0277609038404 0.486753928851 0.253883571141 0.112444444444 0.0951188989543 0.478777777778 0.205210491152
17 3 2 3 0.0 0.0 0.017794650282 0.0122938229471 0.0320635946089 0.0422508972691 0.369175090251 0.305513384759 0.0797777777778 0.113935004214 0.439111111111 0.237338535107
17 3 3 2 0.0 0.0 0.0188925966981 0.0158824645217 0.0340715892632 0.0331535816403 0.25620913372 0.315667122451 0.0464444444444 0.0676114534822 0.708666666667 0.180640697874
17 3 4 1 0.0 0.0 0.0146059443685 0.0111069518803 0.05400642586 0.0465829717797 0.127712903614 0.257689298716 0.0334444444444 0.066934554364 0.709777777778 0.209038244478
17 3 5 0 0.0 0.0 0.0116539038171 0.00725567508464 0.0614449453915 0.0347360020723 0.0 0.0 0.0 0.0 0.777777777778 0.0351364184463
18 3 0 5 0.0 0.0 0.00390031360672 0.00258960022979 0.0 0.0 0.611965541449 0.0750685325141 0.244444444444 0.143156652519 0.0555555555556 0.0351364184463
18 3 1 4 0.16 0.54258639865 0.0313746958133 0.0310270652607 0.0105769944916 0.026632413568 0.469983347756 0.245441430333 0.00333333333333 0.0302459057529 0.644222222222 0.187517768705
18 3 2 3 0.0 0.0 0.0244386997295 0.0154396790189 0.0300419159568 0.0430645498663 0.369114245609 0.306747237637 0.100777777778 0.102971349245 0.585777777778 0.280828052484
18 3 3 2 0.0 0.0 0.0196032182151 0.0128385214227 0.0470767737479 0.0420712448862 0.254085237351 0.313763263388 0.0568888888889 0.111435969546 0.654666666667 0.252892794346
18 3 4 1 0.0 0.0 0.015560679693 0.00986947120907 0.0621539650429 0.0357381198442 0.121772153762 0.245306585597 0.0555555555556 0.111111111111 0.721777777778 0.231473647275
18 3 5 0 0.0 0.0 0.0115957318363 0.00659071198329 0.0729583318957 0.0143552167067 0.0 0.0 0.0 0.0 0.788888888889 0.107726219054
19 3 0 5 0.0 0.0 0.00566038297839 0.00406309065895 0.0 0.0 0.602677723333 0.0711124552493 0.255555555556 0.143156652519 0.1 0.0647883543872
19 3 1 4 0.0 0.0 0.016626784351 0.012541143457 0.0123031166759 0.0296122929522 0.469802548094 0.247278274514 0.135 0.115591607624 0.407444444444 0.237674198624
19 3 2 3 0.06 0.341174442185 0.027181287373 0.0220427139197 0.0251590502458 0.0400202458505 0.351276235936 0.2970992865 0.0444444444444 0.0888888888889 0.662 0.171674253698
19 3 3 2 0.1 0.435889894354 0.0219751821656 0.0222158415118 0.0405388079417 0.034017306551 0.24019698507 0.297571586595 0.0238888888889 0.050463897375 0.676111111111 0.218589050136
19 3 4 1 0.0 0.0 0.015081986147 0.00932923140862 0.0511736615784 0.0382483999216 0.122013203079 0.245757778895 0.0333333333333 0.0666666666667 0.677777777778 0.277555466595
19 3 5 0 0.0 0.0 0.0118117867142 0.00650898833927 0.0499362413296 0.0306881828227 0.0 0.0 0.0 0.0 0.8 0.0566557723733
20 3 0 5 0.0 0.0 0.00362879661145 0.00240447110867 0.0 0.0 0.599612413472 0.061415320075 0.233333333333 0.146565621759 0.0555555555556 0.0351364184463
20 3 1 4 0.0 0.0 0.0181481343135 0.0122976020192 0.0159457484479 0.0328377931922 0.466532529596 0.242903178333 0.166111111111 0.10348704219 0.363777777778 0.295583206727
20 3 2 3 0.0 0.0 0.0140868750878 0.012353073945 0.0246032485588 0.0347021968567 0.354697901139 0.29511879311 0.0687777777778 0.0919164274199 0.429777777778 0.263208502996
20 3 3 2 0.0 0.0 0.0182646184589 0.0131506782873 0.0434204139702 0.0417706405704 0.22236581458 0.278487604385 0.0777777777778 0.0968644209676 0.610111111111 0.261958883778
20 3 4 1 0.0 0.0 0.0132993716002 0.0103039021203 0.0596425310819 0.0449820509595 0.117797465707 0.236999890598 0.0555555555556 0.111111111111 0.666666666667 0.238306784328
20 3 5 0 0.0 0.0 0.0118461000116 0.00620944927946 0.0589469151858 0.021648701959 0.0 0.0 0.0 0.0 0.777777777778 0.0929622251705
21 3 0 5 0.0 0.0 0.00458559428342 0.00261565221876 0.0 0.0 0.559458146358 0.0918796475032 0.177777777778 0.123728096952 0.177555555556 0.166496060829
21 3 1 4 0.0 0.0 0.0166563722352 0.0129657499812 0.0113786645393 0.025276944995 0.459575211643 0.23972787861 0.105777777778 0.0972267300542 0.335888888889 0.225174034202
21 3 2 3 0.18 0.57236352085 0.0292070781626 0.0347181333628 0.0221306802779 0.0299666193869 0.355434794701 0.294952403344 0.0467777777778 0.0921123173758 0.693 0.236521369066
21 3 3 2 0.0 0.0 0.0157914980885 0.0107319143672 0.0434188891838 0.0409845259138 0.227555981239 0.28324309773 0.0444444444444 0.0888888888889 0.543333333333 0.222580267114
21 3 4 1 0.0 0.0 0.0133749857708 0.00992735156392 0.0423624984949 0.0254088582282 0.112902121463 0.227589020788 0.0446666666667 0.0894010246579 0.621333333333 0.216980854819
21 3 5 0 0.0 0.0 0.0126461171696 0.00819208669913 0.0631597754963 0.0385767239169 0.0 0.0 0.0 0.0 0.744444444444 0.0566557723733
22 3 0 5 0.0 0.0 0.00715278076124 0.00541408537884 0.0 0.0 0.569410061548 0.0875492855101 0.222222222222 0.140545673785 0.133333333333 0.0831479419283
22 3 1 4 0.14 0.510294032887 0.0212632976705 0.0160618573224 0.0116283570119 0.0249582350342 0.46408660406 0.242615193329 0.0724444444444 0.12058990806 0.441888888889 0.301559137783
22 3 2 3 0.1 0.435889894354 0.0265361555549 0.0277977637987 0.02113781801 0.0338423775531 0.35418119503 0.29354724882 0.015 0.0450342804956 0.728111111111 0.143573915235
22 3 3 2 0.0 0.0 0.0176923488954 0.0107943451703 0.0330852355902 0.0303030443744 0.226841903142 0.283784063866 0.0575555555556 0.0883788142872 0.576666666667 0.274961276735
22 3 4 1 0.0 0.0 0.0162516379263 0.00970536853832 0.0377117819404 0.034778193764 0.116768090247 0.236203537908 0.0447777777778 0.0898621028625 0.688555555556 0.198254450544
22 3 5 0 0.0 0.0 0.0123260666686 0.0083898055105 0.0507511975434 0.0335390440096 0.0 0.0 0.0 0.0 0.766666666667 0.0816496580928
23 3 0 5 0.0 0.0 0.00509619143326 0.00350868257683 0.0 0.0 0.564804474584 0.073201155061 0.244444444444 0.143156652519 0.111111111111 0.0496903995
23 3 1 4 0.1 0.435889894354 0.0263889845635 0.0252345448032 0.0122869407738 0.0273270953754 0.425635434541 0.225805224918 0.0587777777778 0.0896260406383 0.649666666667 0.189609442647
23 3 2 3 0.0 0.0 0.0121089113678 0.00837652981943 0.0229563684385 0.0303158288032 0.333897284465 0.283015498624 0.111111111111 0.136082763488 0.399111111111 0.264890753163
23 3 3 2 0.0 0.0 0.0166989782627 0.0119397765965 0.0424301369033 0.039428798816 0.226850044958 0.281805582149 0.0888888888889 0.10886621079 0.610666666667 0.270709721079
23 3 4 1 0.0 0.0 0.0176929383667 0.0104572184913 0.0417413946919 0.0230444279805 0.113448098471 0.230558072341 0.0222222222222 0.0444444444444 0.711111111111 0.173561103909
23 3 5 0 0.0 0.0 0.012138213343 0.00759603815533 0.0598845654729 0.0294472083549 0.0 0.0 0.0 0.0 0.777777777778 0.111111111111
24 3 0 5 0.0 0.0 0.00516307699028 0.00487333103719 0.0 0.0 0.562831265196 0.0745022573647 0.2 0.174270968237 0.110888888889 0.0611611916008
24 3 1 4 0.0 0.0 0.0166961375158 0.0121402890163 0.0130180967597 0.0283809459162 0.450430860746 0.236232444961 0.112555555556 0.106535277876 0.336222222222 0.201944987008
24 3 2 3 0.0 0.0 0.0161313195957 0.0114580935381 0.0186038843852 0.0260501368896 0.321732117823 0.270432946618 0.114 0.117395816696 0.518666666667 0.254145287504
24 3 3 2 0.0 0.0 0.0149522125581 0.010691620654 0.0373436117051 0.0351234006834 0.207112234623 0.261842201045 0.0222222222222 0.0444444444444 0.577666666667 0.212652240309
24 3 4 1 0.0 0.0 0.0146819600987 0.00925945312215 0.0623448432227 0.0382778752811 0.108881310999 0.220014301237 0.0555555555556 0.111111111111 0.677666666667 0.200206652496
24 3 5 0 0.0 0.0 0.011533179679 0.00665844327708 0.0551044255066 0.0176094047442 0.0 0.0 0.0 0.0 0.766666666667 0.095581391856
25 3 0 5 2.0 0.0 0.0114814807428 0.00201035073242 0.0 0.0 0.530910492121 0.0887167616669 0.177777777778 0.123728096952 0.1 0.0415739709642
25 3 1 4 0.0 0.0 0.0186608875496 0.0136572117985 0.0142517252864 0.0295465369199 0.427150825342 0.22162608801 0.0725555555556 0.0861445096522 0.427 0.208902215887
25 3 2 3 0.0 0.0 0.0155987851357 0.0122071063121 0.0245403277991 0.0330187377589 0.321361640165 0.268736307996 0.0673333333333 0.0898396376541 0.476888888889 0.229995598455
25 3 3 2 0.0 0.0 0.018566891239 0.0107732999707 0.0416876733472 0.0426367836343 0.214289079207 0.265518511252 0.100333333333 0.124429116119 0.610888888889 0.235963901822
25 3 4 1 0.0 0.0 0.0156532830826 0.0095398862899 0.0532584493441 0.0327754530112 0.109684243194 0.222588992303 0.0222222222222 0.0444444444444 0.7 0.194365063162
25 3 5 0 0.0 0.0 0.0114896309341 0.00706970918626 0.0449214159424 0.0237160856917 0.0 0.0 0.0 0.0 0.711111111111 0.095581391856
26 3 0 5 0.0 0.0 0.00553192059277 0.00288444448424 0.0 0.0 0.515282154121 0.0867830598378 0.2 0.147405546238 0.133333333333 0.0968644209676
26 3 1 4 0.02 0.198997487421 0.0202395714808 0.0143898119373 0.0103608117595 0.0241041802485 0.424944371176 0.224645380615 0.0783333333333 0.0840689752084 0.462444444444 0.173053763144
26 3 2 3 0.0 0.0 0.0147301950224 0.00991333749678 0.0260329404541 0.0334383018571 0.298712798347 0.256216394728 0.0555555555556 0.0860662965824 0.440555555556 0.195513726587
26 3 3 2 0.0 0.0 0.0145826516568 0.00959493826223 0.0408181272484 0.0341657193929 0.211062685933 0.264404125181 0.0898888888889 0.11083404344 0.588222222222 0.2554967082
26 3 4 1 0.02 0.198997487421 0.0168732304696 0.0143095812072 0.0486388062518 0.0283730014305 0.109380346698 0.221239317468 0.0118888888889 0.0267708612552 0.743666666667 0.0922457132063
26 3 5 0 0.0 0.0 0.0136471226579 0.00802725789797 0.0661873089616 0.0278497712782 0.0 0.0 0.0 0.0 0.733333333333 0.0544331053952
27 3 0 5 1.9 0.435889894354 0.0250611304992 0.00609979229042 0.0 0.0 0.525020578102 0.0956755846851 0.2 0.159474445493 0.166666666667 0.0702728368926
27 3 1 4 0.0 0.0 0.0141201134096 0.0109465842452 0.0115607883121 0.0271675905428 0.411902465781 0.217766389487 0.102222222222 0.102535751067 0.37 0.227197091792
27 3 2 3 0.0 0.0 0.0172898266313 0.0130923549147 0.0203804178147 0.0286341862246 0.296405134069 0.259923115643 0.0457777777778 0.0674267778436 0.540333333333 0.208069640526
27 3 3 2 0.0 0.0 0.0139068957663 0.0103401361125 0.0312149001654 0.0268445890152 0.193668706991 0.246228505231 0.0777777777778 0.0968644209676 0.621777777778 0.295580283009
27 3 4 1 0.0 0.0 0.0159200135747 0.0104054184485 0.0486802162936 0.0260400752461 0.103234551989 0.208667707025 0.0555555555556 0.111111111111 0.677777777778 0.234125638952
27 3 5 0 0.0 0.0 0.0128655546275 0.00680458038889 0.0348327241464 0.0246210036148 0.0 0.0 0.0 0.0 0.666666666667 0.099380799
28 3 0 5 0.0 0.0 0.00257352791377 0.00173406186923 0.0 0.0 0.506093336216 0.102338980678 0.255555555556 0.143156652519 0.122222222222 0.107726219054
28 3 1 4 0.0 0.0 0.0150349540159 0.00894969377189 0.0115188294035 0.0246188380343 0.400022434884 0.216513359944 0.113222222222 0.118537330683 0.363111111111 0.193830013347
28 3 2 3 0.0 0.0 0.018997416998 0.0138889505739 0.0208550527074 0.0293909740568 0.306624818071 0.261555951809 0.0333333333333 0.0444444444444 0.542666666667 0.217634419936
28 3 3 2 0.0 0.0 0.020366531231 0.0135374621931 0.0368649140015 0.0351106946028 0.200562104677 0.255336659986 0.0781111111111 0.109729802832 0.644222222222 0.224246227104
28 3 4 1 0.0 0.0 0.0155528485985 0.0110122448041 0.0438001192086 0.0234212611954 0.100858236768 0.205828777153 0.0 0.0 0.644111111111 0.148169530864
28 3 5 0 0.0 0.0 0.0119365137967 0.00725421764142 0.0645279288325 0.0223776616278 0.0 0.0 0.0 0.0 0.755555555556 0.0753592220347
29 3 0 5 1.0 0.0 0.0101108237775 0.00587820384698 0.0 0.0 0.465038103815 0.0893140000289 0.192666666667 0.144711036036 0.162555555556 0.106581621189
29 3 1 4 0.0 0.0 0.0113423321862 0.00843162220221 0.0124103284117 0.0269574441519 0.376147307877 0.211602974696 0.133555555556 0.109103869413 0.317222222222 0.23255093694
29 3 2 3 0.0 0.0 0.0196078895626 0.0102037568223 0.0219234223514 0.0282976537463 0.284014506066 0.241136306263 0.0557777777778 0.0861377019876 0.499555555556 0.233385814204
29 3 3 2 0.0 0.0 0.0167710228299 0.0104125990544 0.0359938121348 0.0393178718332 0.200761957303 0.251594840092 0.100222222222 0.123997013106 0.543666666667 0.191325816087
29 3 4 1 0.0 0.0 0.0129902385175 0.00861969703957 0.0478926319481 0.0372804857345 0.0927658497154 0.193087368737 0.0444444444444 0.0888888888889 0.677333333333 0.1634422917
29 3 5 0 0.0 0.0 0.0112391465623 0.0067874780609 0.0495234118599 0.0292460434768 0.0 0.0 0.0 0.0 0.744444444444 0.0444444444444
30 3 0 5 1.0 0.0 0.00718107195804 0.00407338599833 0.0 0.0 0.495300588157 0.0815835150569 0.144444444444 0.114395890455 0.144444444444 0.0753592220347
30 3 1 4 0.06 0.341174442185 0.0211465789238 0.0159181568366 0.00842174441751 0.0216013323089 0.384452994263 0.209749333599 0.045 0.0896822236264 0.538888888889 0.209894153219
30 3 2 3 0.0 0.0 0.0154107950116 0.01110181712 0.0279350407936 0.0410030997647 0.264607228635 0.238783794367 0.0444444444444 0.0647883543872 0.469777777778 0.195189556491
30 3 3 2 0.0 0.0 0.0170928109274 0.0107525285667 0.02962627843 0.029267093495 0.195743426097 0.247545651327 0.089 0.10903046352 0.575111111111 0.253811050553
30 3 4 1 0.0 0.0 0.013171115407 0.0093944373508 0.0550973553706 0.0435582515225 0.096283001185 0.199955605479 0.0565555555556 0.113823504266 0.687777777778 0.239879084767
30 3 5 0 0.0 0.0 0.0117626979284 0.00804279658226 0.0442562274723 0.0222801379152 0.0 0.0 0.0 0.0 0.733333333333 0.0647883543872
31 3 0 5 0.01 0.0994987437107 0.0100116075901 0.00858505377979 0.0 0.0 0.456139421306 0.0880457870432 0.222333333333 0.126710470009 0.288222222222 0.166894806819
31 3 1 4 0.16 0.54258639865 0.0239029599086 0.0270501469719 0.00938522031067 0.0226536487178 0.36081364513 0.204325995183 0.0176666666667 0.0461103078913 0.710111111111 0.2127892077
31 3 2 3 0.02 0.198997487421 0.0159541408822 0.013618725049 0.0312799498521 0.0437526563642 0.282497558793 0.237496240405 0.046 0.0684577909065 0.661111111111 0.179385095105
31 3 3 2 0.0 0.0 0.0133249546681 0.0104750918739 0.0354679428728 0.0299952710815 0.191080391551 0.242347649132 0.0666666666667 0.0888888888889 0.588888888889 0.223882685329
31 3 4 1 0.0 0.0 0.0142969516304 0.00918446170357 0.0325949641564 0.0228926561516 0.0947094129062 0.192239434624 0.0447777777778 0.0898621028625 0.610888888889 0.157605383125
31 3 5 0 0.0 0.0 0.0124282138213 0.00661626560045 0.0553391109274 0.0300947697568 0.0 0.0 0.0 0.0 0.766666666667 0.0544331053952
32 3 0 5 1.9 0.435889894354 0.0101898231742 0.00236806967934 0.0 0.0 0.4814295391 0.089953087382 0.222222222222 0.153156097245 0.0888888888889 0.0666666666667
32 3 1 4 0.04 0.28 0.0189861447993 0.0128293106214 0.0101527447914 0.0204248235798 0.372998905083 0.202528627955 0.0785555555556 0.0985481645732 0.54 0.226606745892
32 3 2 3 0.02 0.198997487421 0.0180158000416 0.0141639132232 0.0281104464938 0.0362761233249 0.28372267302 0.242542185445 0.0563333333333 0.0878024578525 0.563111111111 0.219015079249
32 3 3 2 0.0 0.0 0.0143004246091 0.0102695778956 0.028150352169 0.0291516655097 0.181502874597 0.233054577176 0.0333333333333 0.0666666666667 0.532666666667 0.278943420963
32 3 4 1 0.0 0.0 0.013729739883 0.00924734987213 0.0425586104483 0.0334207197424 0.0922667597992 0.188584115759 0.0225555555556 0.0457166528267 0.622111111111 0.203296869833
32 3 5 0 0.0 0.0 0.0121290512208 0.00657918612481 0.0659101647023 0.0316728024932 0.0 0.0 0.0 0.0 0.744444444444 0.0831479419283
33 3 0 5 1.96 0.195959179423 0.0246659954719 0.00488681704343 0.0 0.0 0.425408657519 0.106752994235 0.166666666667 0.099380799 0.2 0.0831479419283
33 3 1 4 0.0 0.0 0.0137175732607 0.0102959386429 0.00850240987355 0.0224062969143 0.356774975197 0.200718146217 0.114222222222 0.121371585342 0.317888888889 0.207071854887
33 3 2 3 0.0 0.0 0.0108075059135 0.00833796070111 0.0218905174557 0.02905860824 0.263650239157 0.22565475825 0.101111111111 0.1256538455 0.454777777778 0.289376746188
33 3 3 2 0.0 0.0 0.0179366186878 0.0104721680887 0.0316790995487 0.0345442177385 0.17130715449 0.219782996474 0.0445555555556 0.0891453937933 0.61 0.255093785707
33 3 4 1 0.0 0.0 0.0108770674211 0.00809430131909 0.0458437866806 0.0301455386479 0.0956686045406 0.195521933352 0.0222222222222 0.0444444444444 0.644444444444 0.218298696715
33 3 5 0 0.0 0.0 0.0128802419361 0.00655654130445 0.036782239672 0.0314479275767 0.0 0.0 0.0 0.0 0.688888888889 0.0831479419283
34 3 0 5 1.82 0.477074417675 0.0344049816043 0.00768927353891 0.0 0.0 0.422188897471 0.095823264858 0.133333333333 0.10886621079 0.244444444444 0.17069212773
34 3 1 4 0.0 0.0 0.0138932470838 0.0111122720203 0.0087887556603 0.0194234347328 0.354641652332 0.195679897931 0.129666666667 0.121188099893 0.434555555556 0.186341615134
34 3 2 3 0.0 0.0 0.0134500111907 0.0089597199047 0.0162684666022 0.0213029705819 0.267825147039 0.230531111891 0.0575555555556 0.0879587445382 0.419444444444 0.271844976702
34 3 3 2 0.0 0.0 0.0201749562775 0.0115590160943 0.0258362926604 0.025390677591 0.178843295552 0.226423036691 0.0447777777778 0.0896557889588 0.610444444444 0.214417499746
34 3 4 1 0.0 0.0 0.00987780420226 0.00784557092563 0.0265321916154 0.0218729707176 0.0887797724122 0.183310991388 0.0447777777778 0.0896557889588 0.632333333333 0.214879208101
34 3 5 0 0.0 0.0 0.0123799505585 0.00768926840768 0.0380524841941 0.0335664194417 0.0 0.0 0.0 0.0 0.777777777778 0.0351364184463
35 3 0 5 1.0 0.0 0.0035771576548 0.00229683395445 0.0 0.0 0.434639934263 0.103065835277 0.233333333333 0.1186342028 0.177777777778 0.101835015443
35 3 1 4 0.22 0.625779513886 0.0301527588035 0.0302554620842 0.00932130215554 0.0209475806645 0.365290138917 0.199281964407 0.0595555555556 0.0901784239613 0.612444444444 0.191609685572
35 3 2 3 0.0 0.0 0.0175867412286 0.0105787661184 0.0200828355745 0.0296018784351 0.251657928924 0.218942424645 0.100333333333 0.102324284797 0.510444444444 0.278247691415
35 3 3 2 0.0 0.0 0.0176029211842 0.0122652501673 0.0287089010061 0.0302962446678 0.177823008959 0.225148606647 0.0116666666667 0.025209002899 0.631666666667 0.123841545513
35 3 4 1 0.0 0.0 0.0140276779106 0.00930933691582 0.0435922902354 0.0324885784194 0.0871878180452 0.181612919994 0.0445555555556 0.0891453937933 0.688666666667 0.167508835219
35 3 5 0 0.0 0.0 0.0111646753468 0.00605889355004 0.033975309094 0.0295135722909 0.0 0.0 0.0 0.0 0.744444444444 0.0444444444444
