k_Init k_Turn N_R N_I Davg Dstd TimeAvg TimeStd AvFNR StdFNR AvFPR StdFPR FN stdFN FP std FP
1 0 0 5 0.0 0.0 0.000629969011352 0.000243876623476 0.0 0.0 0.847619047619 0.0574150264371 1.23666666667 0.637390513474 0.0 0.0
1 0 1 4 0.0 0.0 0.00153664233978 0.00089126736254 0.0132857142857 0.0369595292546 0.677261904762 0.342688223104 0.766666666667 0.626719855899 0.233333333333 0.0333333333333
1 0 2 3 0.0 0.0 0.00280336543801 0.00157521075868 0.0394242424242 0.0607354603444 0.498396103896 0.409467549304 0.628571428571 0.515870573865 0.443085714286 0.161908101926
1 0 3 2 0.0 0.0 0.00683960719034 0.0044537142107 0.0541559020689 0.0613791588752 0.33962978869 0.417192167381 0.366666666667 0.452155332208 0.55475 0.228519556056
1 0 4 1 1.0 0.0 0.0102225538198 0.00639815218617 0.0601518306636 0.0549007984512 0.172309064327 0.34525900107 0.0888888888889 0.177777777778 0.768376068376 0.0986578053368
1 0 5 0 0.0 0.0 0.0124120898786 0.0096389313271 0.0999945067018 0.0271676216048 0.0 0.0 0.0 0.0 0.843055555556 0.0796161702665
2 0 0 5 0.0 0.0 0.000628414200037 0.000225992399461 0.0 0.0 0.851167555605 0.0268940431479 0.276388888889 0.14734009956 0.0 0.0
2 0 1 4 0.0 0.0 0.0148930682693 0.0123112437495 0.0208827265574 0.0435346675422 0.685079947116 0.342907194779 0.189472222222 0.116807814749 0.377527777778 0.315258772065
2 0 2 3 0.0 0.0 0.0147639824008 0.0135468501196 0.0358760935601 0.0465012426754 0.511046758569 0.417757618568 0.157305555556 0.129734953575 0.504694444444 0.333856867803
2 0 3 2 0.0 0.0 0.0123289321587 0.0120085484812 0.0545364200643 0.0491757360107 0.340343517049 0.417189999131 0.05025 0.10057615274 0.566805555556 0.237204535185
2 0 4 1 0.0 0.0 0.0122755952898 0.00938423586462 0.0857219011578 0.0493589575194 0.170018049147 0.340264173345 0.02575 0.0528210422086 0.705055555556 0.237716886025
2 0 5 0 0.0 0.0 0.0113199218913 0.00770071929365 0.107056996183 0.0276094936044 0.0 0.0 0.0 0.0 0.805555555556 0.0698598685553
3 0 0 5 0.0 0.0 0.00062545230001 0.00023541288084 0.0 0.0 0.830279831499 0.0284161861145 0.276388888889 0.14734009956 0.0 0.0
3 0 1 4 0.0 0.0 0.0161404884976 0.0117098291118 0.0201534910863 0.0416288104763 0.662856542989 0.332482500804 0.135972222222 0.125352819973 0.366791666667 0.231654517317
3 0 2 3 0.0 0.0 0.014545359512 0.0117562426683 0.0413281280197 0.0522448374271 0.499942015865 0.408847431013 0.109222222222 0.135981729891 0.476402777778 0.278129256452
3 0 3 2 0.0 0.0 0.0128452233505 0.0108929289978 0.0565490657288 0.0505067847524 0.33442582336 0.41005934817 0.0555555555556 0.111111111111 0.558333333333 0.265295956329
3 0 4 1 0.0 0.0 0.0153385112408 0.0115187219349 0.0738696073425 0.0439699708659 0.165982817721 0.332286145797 0.05 0.1 0.718055555556 0.249830189242
3 0 5 0 0.0 0.0 0.0123766718188 0.00747115892017 0.0922209306095 0.0238760923014 0.0 0.0 0.0 0.0 0.843055555556 0.0796161702665
4 0 0 5 1.0 0.0 0.00309127179004 0.00155676302859 0.0 0.0 0.809392107393 0.0309966872551 0.251388888889 0.149678152657 0.0611111111111 0.00277777777778
4 0 1 4 0.0 0.0 0.0106661546003 0.0110263758551 0.0193750744831 0.0404129552126 0.654816390226 0.329019604927 0.134430555556 0.123492029876 0.331944444444 0.251592535685
4 0 2 3 0.0 0.0 0.0130573683293 0.0117828662211 0.0399277140809 0.0504016159672 0.487966142393 0.39938903308 0.10075 0.123577152014 0.473180555556 0.265757179894
