k_Init k_Turn N_R N_I Davg Dstd TimeAvg TimeStd AvFNR StdFNR AvFPR StdFPR FN stdFN FP std FP
1 0 0 5 1.0 0.0 0.000666644097073 0.000310407243636 0.0 0.0 0.847619047619 0.0574150264371 1.23666666667 0.637390513474 0.0 0.0
1 0 1 4 1.0 0.0 0.00183054405381 0.000998839528329 0.0144523809524 0.0428649199293 0.67880952381 0.343259436602 0.596452380952 0.497028528064 0.282704761905 0.148279595555
1 0 2 3 1.0 0.0 0.00380939338473 0.00288833734644 0.0339901960784 0.0606860918409 0.508784313725 0.418939280371 0.305706349206 0.384223258711 0.453148412698 0.0828075073727
1 0 3 2 0.99 0.0994987437107 0.0142611030384 0.00675738183808 0.0388906204906 0.04784024315 0.350467965368 0.430478222182 0.0769230769231 0.153846153846 0.618298368298 0.050203210162
1 0 4 1 0.0 0.0 0.0135691659385 0.0105025358496 0.0756402616991 0.0541089291487 0.174368148192 0.349208276621 0.0 0.0 0.793333333333 0.0326598632371
1 0 5 0 0.0 0.0 0.0150234092248 0.00928030199276 0.102815737717 0.0324967237448 0.0 0.0 0.0 0.0 0.826388888889 0.063798244877
2 0 0 5 1.0 0.0 0.00249554650742 0.00187634935595 0.0 0.0 0.85855216919 0.0304778092647 0.2875 0.161051234084 0.0611111111111 0.00277777777778
2 0 1 4 0.0 0.0 0.0196379287995 0.0166336115192 0.0199014503866 0.0424758691278 0.687893041978 0.344963046882 0.1095 0.110441160805 0.484486111111 0.202323411706
2 0 2 3 0.0 0.0 0.0155765220546 0.0140612466985 0.0377822567248 0.0485999601292 0.520742348732 0.425995419635 0.090125 0.125788699314 0.475486111111 0.276786869735
2 0 3 2 0.0 0.0 0.0143070761859 0.0122589378715 0.0552510957766 0.0488312344496 0.342139850489 0.419499249589 0.050125 0.100288568017 0.579736111111 0.261027401993
2 0 4 1 0.0 0.0 0.0171989525622 0.0129724224108 0.0754867484506 0.0433482392297 0.172514165229 0.345235716637 0.0352941176471 0.0705882352941 0.788888888889 0.116141418464
2 0 5 0 0.0 0.0 0.0137067874777 0.00815856524661 0.0942390499571 0.030517469719 0.0 0.0 0.0 0.0 0.847058823529 0.0797921174485
3 0 0 5 1.0 0.0 0.00062191294739 0.000273644411613 0.0 0.0 0.846584931026 0.0211934902398 0.270588235294 0.151577632079 0.0 0.0
3 0 1 4 0.0 0.0 0.0149134449835 0.0127408394707 0.0203805164251 0.0429621173891 0.669813084522 0.33569861239 0.131529411765 0.123505655979 0.356732026144 0.23542930031
3 0 2 3 0.0 0.0 0.0298460056749 0.027497454753 0.0399792105058 0.0527245543717 0.50255909516 0.410808640845 0.0918823529412 0.120755350487 0.67968627451 0.231874380635
3 0 3 2 0.0 0.0 0.0126221038867 0.0106034805398 0.0574824935703 0.0504006028681 0.334044686696 0.409485828574 0.0943529411765 0.115617553534 0.599058823529 0.311387918819
3 0 4 1 0.0 0.0 0.0140092169342 0.0124723810305 0.068450369223 0.0395242687057 0.167680076572 0.335568088482 0.0352941176471 0.0705882352941 0.8 0.132058496004
3 0 5 0 0.0 0.0 0.012666770675 0.00822793811062 0.0839826397007 0.0413193805653 0.0 0.0 0.0 0.0 0.835294117647 0.0864525791571
4 0 0 5 0.0 0.0 0.00231264544418 0.00137661897283 0.0 0.0 0.816423846544 0.0294707157613 0.235294117647 0.117647058824 0.045477124183 0.0239033789196
4 0 1 4 0.0 0.0 0.0404584012728 0.0353860199897 0.0190980584132 0.0389421255558 0.653266325208 0.327667974358 0.0572941176471 0.111692298527 0.718183006536 0.175908822145
4 0 2 3 0.0 0.0 0.0160346298781 0.0129179481514 0.0333491056816 0.0421974272566 0.490537336334 0.401154583709 0.106235294118 0.131748475891 0.476679738562 0.28427986997
4 0 3 2 0.0 0.0 0.0161679567944 0.0138298156641 0.0551365248227 0.0483614128526 0.327802801808 0.401831900674 0.0721176470588 0.0963507864443 0.608823529412 0.321434393312
4 0 4 1 0.0 0.0 0.017964788219 0.0131817660517 0.072957919297 0.0424253578708 0.163962605214 0.328147903972 0.0352941176471 0.0705882352941 0.8 0.132058496004
4 0 5 0 0.0 0.0 0.0127445813373 0.00850270594111 0.0946053503234 0.0165057216776 0.0 0.0 0.0 0.0 0.835294117647 0.0941176470588
5 0 0 5 1.0 0.0 0.00206449685269 0.00108159665034 0.0 0.0 0.796152871951 0.0334701902642 0.235647058824 0.162100869959 0.0227647058824 0.0280164380265
5 0 1 4 0.0 0.0 0.0201580837369 0.0192162404482 0.0178625423778 0.0361514154653 0.636892068038 0.319879766349 0.0861176470588 0.112976465075 0.624111111111 0.152124148466
5 0 2 3 0.0 0.0 0.0224179021281 0.0188560087779 0.0318157733224 0.0407259010092 0.479080057575 0.392191589558 0.0837647058824 0.0815978831396 0.685411764706 0.176145740225
5 0 3 2 0.0 0.0 0.0151374967606 0.0116371518793 0.0510807784857 0.0508418318008 0.321784399112 0.394482731467 0.0855294117647 0.118582807999 0.597477124183 0.308581231089
5 0 4 1 0.0 0.0 0.017702460516 0.0124993119289 0.0701799426194 0.0400609426866 0.160020485056 0.320447962985 0.0125882352941 0.0267195777782 0.772196078431 0.160750525702
5 0 5 0 0.0 0.0 0.0120630085305 0.00772435136405 0.0936004038871 0.0231707687693 0.0 0.0 0.0 0.0 0.833333333333 0.060858061945
6 0 0 5 0.79 0.407308237088 0.00161321089254 0.0010185229263 0.0 0.0 0.784801144065 0.034113351054 0.255555555556 0.143156652519 0.0442222222222 0.0223871656354
6 0 1 4 0.0 0.0 0.0228018702753 0.0201342741701 0.0186891266646 0.0387704456379 0.629554715924 0.316409253294 0.0832222222222 0.0822896870367 0.527333333333 0.161416721639
6 0 2 3 0.0 0.0 0.0221841619653 0.0192513033549 0.0354590828468 0.0485767529427 0.477878126234 0.390838077743 0.0452222222222 0.065814085325 0.672666666667 0.126397569909
6 0 3 2 0.0 0.0 0.0133225624182 0.0125129478163 0.0597566263601 0.052079702736 0.32062817077 0.393059986825 0.0851111111111 0.125424907444 0.616666666667 0.339725742691
6 0 4 1 0.0 0.0 0.0138695668848 0.0110686568386 0.071664387878 0.0442590777458 0.158098149626 0.316432177922 0.0444444444444 0.0888888888889 0.711111111111 0.284149152279
6 0 5 0 0.0 0.0 0.0130426843558 0.00870523511838 0.084744180217 0.0215545073455 0.0 0.0 0.0 0.0 0.833333333333 0.060858061945
7 0 0 5 1.0 0.0 0.0019956189231 0.00118270634762 0.0 0.0 0.782340890256 0.0270231514243 0.244444444444 0.143156652519 0.0326666666667 0.0273441712931
7 0 1 4 0.0 0.0 0.0333775934193 0.0259589193353 0.0176814453467 0.0394674320278 0.619512467971 0.311909976847 0.0111111111111 0.0501848435139 0.782222222222 0.154895424699
7 0 2 3 0.0 0.0 0.0231636714516 0.0221444413084 0.0314980330221 0.0401714276784 0.465039397296 0.380458946334 0.0512222222222 0.0759287352687 0.625777777778 0.171362585772
7 0 3 2 0.02 0.198997487421 0.0228859007487 0.0192513129854 0.0466366157137 0.0401960385368 0.304627823988 0.373792985737 0.0112222222222 0.0225801726639 0.741222222222 0.139543302718
7 0 4 1 0.0 0.0 0.0157294665696 0.0123623044179 0.0725858862033 0.0449158364982 0.158597684902 0.317599760369 0.0 0.0 0.665777777778 0.204031466951
7 0 5 0 0.0 0.0 0.0111395383999 0.00737463299777 0.0814265113551 0.0317730105486 0.0 0.0 0.0 0.0 0.822222222222 0.073702773119
8 0 0 5 1.0 0.0 0.00244657750474 0.00170034132477 0.0 0.0 0.759941529321 0.0299995980115 0.244444444444 0.129576708774 0.0444444444444 0.0222222222222
8 0 1 4 0.0 0.0 0.0281424254412 0.025118220502 0.0150634118881 0.0335605742007 0.603800523729 0.303232679276 0.056 0.0944760731353 0.672222222222 0.193330140459
8 0 2 3 0.0 0.0 0.0256100721471 0.0243178436853 0.0352780828602 0.0439570693707 0.453629111132 0.371336585511 0.107222222222 0.0900120019432 0.630444444444 0.233431831062
8 0 3 2 0.0 0.0 0.0216372788418 0.018062914811 0.0447421276877 0.0450517660636 0.303523328069 0.372544889737 0.0165555555556 0.0433616716456 0.758 0.168885818686
8 0 4 1 0.0 0.0 0.016462930491 0.0119561720435 0.069636744921 0.0405518170434 0.151356050455 0.303281139932 0.0446666666667 0.0894010246579 0.710555555556 0.287463900042
8 0 5 0 0.0 0.0 0.0111857004324 0.00721604101062 0.0911826089161 0.0166537436703 0.0 0.0 0.0 0.0 0.8 0.0566557723733
9 0 0 5 1.0 0.0 0.00466403939761 0.00209281633223 0.0 0.0 0.740527243013 0.0351879861638 0.222222222222 0.111111111111 0.0555555555556 2.08166817117e-17
9 0 1 4 0.0 0.0 0.0184056528972 0.0162869547518 0.0154824232379 0.0331343403134 0.606283477175 0.304109287946 0.103444444444 0.101940372307 0.438333333333 0.2373067765
9 0 2 3 0.0 0.0 0.0206123917887 0.0182396262962 0.030817647386 0.039038130264 0.446192941271 0.36608861746 0.0682222222222 0.0844008659484 0.689666666667 0.1811707809
9 0 3 2 0.0 0.0 0.0148239377001 0.0105556687544 0.0509388881417 0.0422453378806 0.294104461417 0.360983080445 0.1 0.123728096952 0.588888888889 0.30550504633
9 0 4 1 0.0 0.0 0.0154098601209 0.0116178544723 0.0667907289753 0.0436358712765 0.148103806579 0.296850615207 0.0 0.0 0.755555555556 0.0753592220347
9 0 5 0 0.0 0.0 0.0128271702642 0.00886050848617 0.0850343156135 0.0230269788324 0.0 0.0 0.0 0.0 0.844444444444 0.0816496580928
10 0 0 5 1.0 0.0 0.00190543124219 0.00134859509421 0.0 0.0 0.724430625567 0.0450573922461 0.244444444444 0.143156652519 0.0333333333333 0.0272165526976
10 0 1 4 0.0 0.0 0.0264977953781 0.023713754859 0.0176741748868 0.0360231041095 0.580946410327 0.295343892686 0.00544444444444 0.0329794174495 0.699222222222 0.163701437055
10 0 2 3 0.14 0.510294032887 0.0324381394021 0.0411023867395 0.026474453228 0.0357446729922 0.430674035118 0.354191421098 0.0166666666667 0.042236839575 0.728444444444 0.174726028929
10 0 3 2 0.0 0.0 0.0189675479138 0.0164710905687 0.0524683294383 0.0487901872011 0.29541278687 0.362717760493 0.034 0.0463965728832 0.676777777778 0.156710750299
10 0 4 1 0.0 0.0 0.0135049419454 0.0111299172392 0.0567588415426 0.0329818619316 0.149005428817 0.298716509221 0.0222222222222 0.0444444444444 0.7 0.249938263982
10 0 5 0 0.0 0.0 0.0230494628206 0.0143736937642 0.0814265113551 0.027777159687 0.0 0.0 0.0 0.0 0.8 0.114395890455
11 0 0 5 0.54 0.498397431775 0.00198762752349 0.001191093915 0.0 0.0 0.717757511447 0.0493794232956 0.255555555556 0.143156652519 0.0664444444444 0.0226066744214
11 0 1 4 0.0 0.0 0.0325578238058 0.0284778889872 0.0176094325514 0.0364663943075 0.572444936942 0.288752165309 0.112222222222 0.0958973216325 0.534444444444 0.194393644158
11 0 2 3 0.0 0.0 0.0191608490807 0.0167924659883 0.0360768328945 0.048068884103 0.421952263028 0.347299403438 0.0333333333333 0.0643102050155 0.713333333333 0.218428732339
11 0 3 2 0.0 0.0 0.0190228711977 0.0159890583762 0.0469666339013 0.0427224335298 0.29160326581 0.358485069775 0.0455555555556 0.0669346465859 0.708444444444 0.168604438821
11 0 4 1 0.0 0.0 0.0128889617592 0.0101804357346 0.0613193851707 0.0381722057041 0.137595996758 0.276001614623 0.0222222222222 0.0444444444444 0.655444444444 0.226304149103
11 0 5 0 0.0 0.0 0.0124982928776 0.00799476418393 0.0693080687988 0.0306002177417 0.0 0.0 0.0 0.0 0.777777777778 0.0929622251705
12 0 0 5 1.0 0.0 0.00229932287126 0.00144044320968 0.0 0.0 0.689857372101 0.0635054175481 0.255555555556 0.143156652519 0.0444444444444 0.0222222222222
12 0 1 4 0.0 0.0 0.0149719059363 0.0120021907692 0.0166407394316 0.0345895120672 0.561595977747 0.285825469239 0.112777777778 0.116919039204 0.474777777778 0.246154899541
12 0 2 3 0.0 0.0 0.0215753567801 0.0173021777602 0.0286484746152 0.0370431833139 0.419260336756 0.344598079617 0.0173333333333 0.0441188070533 0.639333333333 0.149174022165
12 0 3 2 0.0 0.0 0.0133512015908 0.0119016329147 0.054059748317 0.0460219317912 0.281841777807 0.346888007568 0.0448888888889 0.0899096940625 0.565555555556 0.283646885327
12 0 4 1 0.0 0.0 0.0157510876178 0.0100501447204 0.0612535415811 0.0398473724141 0.142358524404 0.285292502772 0.0222222222222 0.0444444444444 0.666666666667 0.235702260396
12 0 5 0 0.0 0.0 0.0110336098226 0.00614846943279 0.0715336371875 0.0156205836482 0.0 0.0 0.0 0.0 0.788888888889 0.0816496580928
13 0 0 5 1.0 0.0 0.00250552752521 0.00187496077944 0.0 0.0 0.680021039305 0.0674772090683 0.222222222222 0.153156097245 0.0555555555556 2.08166817117e-17
13 0 1 4 0.0 0.0 0.0275639772112 0.0259647912098 0.0154351164872 0.0311807298447 0.530540412294 0.270640219562 0.0976666666667 0.0989362558219 0.479555555556 0.184629893384
13 0 2 3 0.04 0.28 0.0225500124122 0.0202616658485 0.0345242786398 0.0435460668818 0.410287163278 0.337737489516 0.0 0.0 0.703111111111 0.133028169299
13 0 3 2 0.0 0.0 0.0165227068716 0.0140045789475 0.0440167941253 0.0440850983267 0.26706751589 0.330185084084 0.0114444444444 0.0240603664679 0.708888888889 0.136653115859
13 0 4 1 0.0 0.0 0.0173190610914 0.0154922063164 0.056515007756 0.0332615622017 0.136757710715 0.274733250302 0.0142222222222 0.0593811708944 0.791333333333 0.131473886061
13 0 5 0 0.0 0.0 0.0120603457175 0.00678207033927 0.0678833740905 0.0394377895257 0.0 0.0 0.0 0.0 0.811111111111 0.0753592220347
14 0 0 5 1.0 0.0 0.00202496340149 0.00138730531555 0.0 0.0 0.669308526481 0.0474422007196 0.255555555556 0.143156652519 0.0666666666667 0.0222222222222
14 0 1 4 0.0 0.0 0.0364220958843 0.0329868531154 0.0143477695731 0.0307633921298 0.52865373585 0.270736030268 0.0364444444444 0.0722150423782 0.697555555556 0.217979385139
14 0 2 3 0.04 0.28 0.024441587188 0.0211277466048 0.0299723647883 0.0368687794795 0.405285554348 0.333836603028 0.0407777777778 0.0716482319098 0.653777777778 0.20459366535
14 0 3 2 0.0 0.0 0.0316166763764 0.0274495512069 0.0475318384959 0.0441218528473 0.276963683258 0.339945399061 0.001 0.0158772295994 0.742111111111 0.0685348429002
14 0 4 1 0.0 0.0 0.0170210088778 0.0137202760619 0.0617385352334 0.0395564236629 0.132703145123 0.267320472166 0.001 0.0128711563842 0.818222222222 0.10538020523
14 0 5 0 0.0 0.0 0.011740491495 0.00676238840552 0.0649972996742 0.0332193719595 0.0 0.0 0.0 0.0 0.788888888889 0.128620410031
15 0 0 5 0.42 0.49355850717 0.00229510810808 0.00155342983387 0.0 0.0 0.652354493983 0.0581298851752 0.211111111111 0.113311544747 0.0444444444444 0.0415739709642
15 0 1 4 0.14 0.510294032887 0.0348541172512 0.0360565745998 0.0122418858202 0.0271875370564 0.526914271873 0.269075375886 0.0251111111111 0.0685767120246 0.735666666667 0.22252365667
15 0 2 3 0.0 0.0 0.0175070074771 0.0158193906948 0.0251102687018 0.0362451410625 0.38932968936 0.32221062946 0.0673333333333 0.0831304196228 0.609111111111 0.137556991556
15 0 3 2 0.0 0.0 0.0186362669617 0.0158286300632 0.0484890469575 0.044410549796 0.252923235406 0.313345436911 0.00388888888889 0.0202682626077 0.693333333333 0.118290289511
15 0 4 1 0.0 0.0 0.0170117360854 0.0123846772176 0.0607896949653 0.0376630633905 0.12439139867 0.251172339271 0.0333333333333 0.0666666666667 0.755555555556 0.124721912892
15 0 5 0 0.0 0.0 0.0130366052827 0.00861729898648 0.0896222289975 0.0144538207648 0.0 0.0 0.0 0.0 0.766666666667 0.095581391856
16 0 0 5 1.0 0.0 0.00370815875242 0.00255039033843 0.0 0.0 0.617368411047 0.0686514614967 0.211111111111 0.107726219054 0.0555555555556 0.060858061945
16 0 1 4 0.16 0.54258639865 0.0329563967849 0.0417689601573 0.0177111172448 0.0380289550197 0.521843754643 0.268042280854 0.0136666666667 0.0358961121042 0.761333333333 0.219204397541
16 0 2 3 0.0 0.0 0.0194904504903 0.0141511618932 0.0337788686656 0.0439608474663 0.38677118946 0.319381675647 0.0336666666667 0.0456355665931 0.529 0.219268677851
16 0 3 2 0.0 0.0 0.0205744350422 0.0173424306998 0.048355383999 0.0414307416057 0.24689152999 0.305681793936 0.0713333333333 0.0885295514587 0.687777777778 0.193215161841
16 0 4 1 0.0 0.0 0.0150715016271 0.0104034720021 0.0465207041408 0.0301996141339 0.128107728213 0.258147145952 0.0111111111111 0.0222222222222 0.731111111111 0.182357673235
16 0 5 0 0.0 0.0 0.012796971458 0.00792220993066 0.0792988517806 0.0303551347699 0.0 0.0 0.0 0.0 0.811111111111 0.10886621079
17 0 0 5 0.0 0.0 0.00619687109254 0.00443535655413 0.0 0.0 0.634322443545 0.0588953217103 0.222222222222 0.126686158344 0.0777777777778 0.0566557723733
17 0 1 4 0.0 0.0 0.0342691920523 0.0306841762681 0.0124051594178 0.0261932848649 0.508555071156 0.262003179436 0.0248888888889 0.0694621310811 0.728111111111 0.216301430051
17 0 2 3 0.0 0.0 0.0265877632133 0.0249258271995 0.0234131906867 0.0311089300575 0.372451235355 0.308286922308 0.0113333333333 0.0492657194316 0.756333333333 0.129731489081
17 0 3 2 0.0 0.0 0.0182598607871 0.0135438783509 0.0470785956757 0.0417380294967 0.254401681032 0.314812954506 0.0126666666667 0.0281100131538 0.613777777778 0.145823502314
17 0 4 1 0.0 0.0 0.0166587385838 0.0110558346711 0.0610112737722 0.038023346371 0.117717556483 0.238075379697 0.035 0.0705599298731 0.747222222222 0.168026857054
17 0 5 0 0.0 0.0 0.0124622485181 0.00746915185105 0.0745187118143 0.0144570275668 0.0 0.0 0.0 0.0 0.744444444444 0.0753592220347
18 0 0 5 1.0 0.0 0.00567766558845 0.00499225084248 0.0 0.0 0.603356994337 0.0693192375734 0.233333333333 0.142291649721 0.1 0.0816496580928
18 0 1 4 0.0 0.0 0.0301461334806 0.0274126314129 0.0153504058234 0.0362906482462 0.497544923282 0.255370239742 0.0763333333333 0.106372917281 0.644666666667 0.241798712329
18 0 2 3 0.02 0.198997487421 0.0210609987925 0.0197359839772 0.0268302667443 0.034571160383 0.37853368542 0.311198429812 0.0342222222222 0.07312563179 0.702 0.186417691101
18 0 3 2 0.0 0.0 0.0160979566828 0.0123371951747 0.0525486132577 0.044794069254 0.248931473688 0.308275614187 0.0333333333333 0.0666666666667 0.666666666667 0.0785674201318
18 0 4 1 0.0 0.0 0.0174040734221 0.01627215637 0.0389244289005 0.0386179019341 0.125687938451 0.25352349116 0.00633333333333 0.0318660390454 0.802666666667 0.0681160955218
18 0 5 0 0.0 0.0 0.0131653536891 0.00812900613291 0.0583241855543 0.0286100511074 0.0 0.0 0.0 0.0 0.788888888889 0.0888888888889
19 0 0 5 1.0 0.0 0.00686436224147 0.00543219906915 0.0 0.0 0.600179693128 0.0756030269206 0.2 0.159474445493 0.122222222222 0.0888888888889
19 0 1 4 0.0 0.0 0.0181869660586 0.0167715388044 0.0117741263724 0.02464714236 0.45818884255 0.242399291953 0.0821111111111 0.103361943471 0.554333333333 0.13367451718
19 0 2 3 0.0 0.0 0.0197903575876 0.01724618965 0.0332719794902 0.0429062141245 0.356957781269 0.298575055171 0.0 0.0 0.720888888889 0.0680283165443
19 0 3 2 0.0 0.0 0.0219411247224 0.0197118886783 0.0429306762644 0.0381973253992 0.234709045352 0.29258502534 0.00377777777778 0.0255420254038 0.780666666667 0.113926768768
19 0 4 1 0.0 0.0 0.0126973172475 0.00930917547595 0.058116150624 0.0362869764042 0.125826294766 0.252717164695 0.0445555555556 0.0891453937933 0.688666666667 0.210137991112
19 0 5 0 0.0 0.0 0.0113237131189 0.00702359784872 0.0411354676352 0.0266277875118 0.0 0.0 0.0 0.0 0.755555555556 0.0753592220347
20 0 0 5 0.0 0.0 0.00670965143247 0.00340747217354 0.0 0.0 0.615103974865 0.0630819366932 0.233333333333 0.128620410031 0.0555555555556 0.0351364184463
20 0 1 4 0.06 0.341174442185 0.0294163600937 0.0271331160113 0.0119802654417 0.0253571137623 0.472435322444 0.24528814694 0.0395555555556 0.0833158500179 0.622555555556 0.156855323762
20 0 2 3 0.14 0.510294032887 0.030174884093 0.0342255146332 0.0210101175962 0.0288415199586 0.361029083952 0.300259993488 0.0118888888889 0.0246082892789 0.715333333333 0.180402704532
20 0 3 2 0.0 0.0 0.0281033068313 0.0223557213444 0.0372795340653 0.0323171831174 0.227306728494 0.28222270105 0.013 0.0305931082371 0.662 0.147875322861
20 0 4 1 0.0 0.0 0.0134286068717 0.0101364938677 0.0571235038188 0.0334023349497 0.116807249547 0.236625556431 0.0444444444444 0.0888888888889 0.677777777778 0.268512132747
20 0 5 0 0.0 0.0 0.0117092897079 0.00700865211726 0.0680237417432 0.0213477682584 0.0 0.0 0.0 0.0 0.766666666667 0.0544331053952
21 0 0 5 0.0 0.0 0.0097016033472 0.00669197005069 0.0 0.0 0.568314370028 0.0683969033662 0.244444444444 0.143156652519 0.133333333333 0.0968644209676
21 0 1 4 0.0 0.0 0.0179508357332 0.0157596069722 0.0143162782117 0.0320299780669 0.466380165033 0.245396875008 0.0478888888889 0.0681083921879 0.477777777778 0.194618969296
21 0 2 3 0.0 0.0 0.0218779964244 0.0237906177544 0.0226596202363 0.0326882410675 0.345849452084 0.289020314731 0.000888888888889 0.0131167596119 0.651444444444 0.098990646771
21 0 3 2 0.0 0.0 0.0159141178429 0.0141691431138 0.0372710606049 0.0381681288387 0.231951854634 0.290788455056 0.069 0.0864140906434 0.706888888889 0.201137383183
21 0 4 1 0.0 0.0 0.0136903380381 0.00984151809352 0.05283181019 0.0308973473347 0.112800501901 0.229313834868 0.0444444444444 0.0888888888889 0.655555555556 0.261524495465
21 0 5 0 0.0 0.0 0.0117715323693 0.00752154549405 0.0766463713888 0.0164974939605 0.0 0.0 0.0 0.0 0.788888888889 0.0647883543872
22 0 0 5 1.9 0.360555127546 0.0111656419968 0.00181792085846 0.0 0.0 0.572569689177 0.0755534674949 0.255555555556 0.143156652519 0.1 0.0415739709642
22 0 1 4 0.04 0.28 0.02583332301 0.0219149839857 0.0136201736517 0.0301874608183 0.443655421529 0.231070079621 0.0104444444444 0.0433424491836 0.689333333333 0.128109906518
22 0 2 3 0.0 0.0 0.0165091260697 0.0145243789006 0.0286114227654 0.0364271106944 0.341135219431 0.28197405269 0.0595555555556 0.0776748525332 0.596444444444 0.184175707839
22 0 3 2 0.0 0.0 0.0198027751467 0.0151681854945 0.0447652783166 0.0406405955459 0.22992194791 0.285642278799 0.0124444444444 0.0288581032547 0.628888888889 0.138617512656
22 0 4 1 0.0 0.0 0.0128925231495 0.009043900301 0.0468296464087 0.0428113570364 0.108744314705 0.221991983147 0.0444444444444 0.0888888888889 0.722222222222 0.207869854821
22 0 5 0 0.0 0.0 0.0116071700479 0.00785632118606 0.0635726049659 0.0395390711643 0.0 0.0 0.0 0.0 0.744444444444 0.0566557723733
23 0 0 5 1.0 0.0 0.00797379159369 0.00297177695912 0.0 0.0 0.557935542836 0.0912798987251 0.211111111111 0.150718444069 0.0888888888889 0.0566557723733
23 0 1 4 0.0 0.0 0.0209248518338 0.0217214118764 0.0102136630148 0.0223969427497 0.436870802613 0.233290579955 0.110777777778 0.149546268492 0.606888888889 0.272676627546
23 0 2 3 0.0 0.0 0.0209582938708 0.0177318585826 0.0232495403813 0.0361993112157 0.327296905222 0.273923990506 0.0295555555556 0.0660381483465 0.663111111111 0.214877972835
23 0 3 2 0.0 0.0 0.0316285632784 0.023641292557 0.0354646429831 0.0301359666568 0.219019525081 0.276475903656 0.0117777777778 0.0257634059553 0.631555555556 0.138517013262
23 0 4 1 0.0 0.0 0.0229075816774 0.0177428152223 0.0470605425719 0.0340104334969 0.107153203882 0.218696465695 0.00155555555556 0.00916515138991 0.684222222222 0.124921506219
23 0 5 0 0.0 0.0 0.0122724560567 0.00800016720859 0.058712229765 0.0187641909359 0.0 0.0 0.0 0.0 0.733333333333 0.0415739709642
24 0 0 5 2.0 0.0 0.0201867239107 0.00345188780813 0.0 0.0 0.539378671581 0.0915069546551 0.2 0.159474445493 0.155555555556 0.0816496580928
24 0 1 4 0.08 0.391918358845 0.0261701212998 0.0223631713231 0.0123896897547 0.0274674444499 0.413573147848 0.218594899392 0.0221111111111 0.0566447670101 0.656555555556 0.185931721173
24 0 2 3 0.0 0.0 0.0194887096866 0.0156083423915 0.0287168696077 0.0379253837893 0.320438066426 0.269720260745 0.0404444444444 0.0632947250742 0.582666666667 0.160187544406
24 0 3 2 0.02 0.198997487421 0.0307772608928 0.02456954367 0.0411182703973 0.0361139562704 0.230665588766 0.289063426822 0.0131111111111 0.0316376085001 0.72 0.174079590141
24 0 4 1 0.0 0.0 0.0124755860399 0.00934425091215 0.0541434531358 0.0326271746788 0.110645459897 0.22467371525 0.0444444444444 0.0888888888889 0.677777777778 0.234125638952
24 0 5 0 0.0 0.0 0.012312251766 0.00621639260651 0.0584220943685 0.0203170613332 0.0 0.0 0.0 0.0 0.766666666667 0.0647883543872
25 0 0 5 0.0 0.0 0.00612926150905 0.00464221391086 0.0 0.0 0.520821800325 0.096456039851 0.233333333333 0.128620410031 0.111111111111 0.0496903995
25 0 1 4 0.16 0.54258639865 0.0274768393312 0.0320250693 0.00960080946403 0.0240441153242 0.4191488559 0.223796019227 0.0642222222222 0.124767240081 0.615111111111 0.130701053676
25 0 2 3 0.02 0.198997487421 0.0214641943481 0.015366754018 0.0158199284044 0.0252627841686 0.29996684021 0.255655250976 0.00388888888889 0.0244128583808 0.697777777778 0.110140202458
25 0 3 2 0.0 0.0 0.0171928307286 0.0168942920705 0.0291156584394 0.031875670444 0.204825649082 0.258965794738 0.0 0.0 0.788888888889 0.095581391856
25 0 4 1 0.0 0.0 0.0152855614887 0.0112654904594 0.0559429072968 0.0314156205316 0.103369163758 0.208946215547 0.0124444444444 0.0307229756789 0.731888888889 0.132167635791
25 0 5 0 0.0 0.0 0.0121103489224 0.00774742896583 0.0629675489139 0.0118147027876 0.0 0.0 0.0 0.0 0.755555555556 0.0831479419283
26 0 0 5 2.0 0.0 0.0198841963068 0.00308319672763 0.0 0.0 0.537583606241 0.0871707571734 0.222222222222 0.131468439624 0.166666666667 0.12171612389
26 0 1 4 0.02 0.198997487421 0.0293592198263 0.0253222086256 0.0102430550226 0.022036450644 0.437173369366 0.226970695619 0.0233333333333 0.0554331985923 0.699444444444 0.161263338045
26 0 2 3 0.04 0.28 0.0210553844669 0.0180478587101 0.0218015932978 0.0290978140196 0.314072719387 0.262791838541 0.0585555555556 0.0931460422411 0.642 0.210194383874
26 0 3 2 0.0 0.0 0.0185543748352 0.0162694149161 0.0389581424857 0.0391744810556 0.206136045723 0.261135766851 0.00388888888889 0.0165831239518 0.717222222222 0.107524042675
26 0 4 1 0.0 0.0 0.0123449315992 0.00810289038769 0.0483598354878 0.0315071546478 0.105320076975 0.213914699625 0.0444444444444 0.0888888888889 0.666222222222 0.236642773963
26 0 5 0 0.0 0.0 0.0115037040506 0.00715360828871 0.0750435326317 0.024818280951 0.0 0.0 0.0 0.0 0.788888888889 0.0647883543872
27 0 0 5 1.0 0.0 0.00523673832649 0.00370275779891 0.0 0.0 0.508041760345 0.0754376339227 0.222666666667 0.126782792773 0.111111111111 0.0929622251705
27 0 1 4 0.1 0.435889894354 0.0390272394405 0.0341153573792 0.0144481653627 0.0299704511682 0.410429767237 0.220756864678 0.00155555555556 0.0178484705573 0.701333333333 0.0904485393558
27 0 2 3 0.0 0.0 0.0196193583973 0.0154089847255 0.0239016489943 0.0323723520645 0.315841441939 0.267822821102 0.0138888888889 0.0329374641284 0.659111111111 0.162555821371
27 0 3 2 0.0 0.0 0.017754619217 0.0164229549485 0.035619407914 0.0335787932282 0.211220162456 0.261962175385 0.00188888888889 0.0193125686702 0.669111111111 0.104084248877
27 0 4 1 0.0 0.0 0.0125943690795 0.00960160631652 0.0431280204394 0.028516071657 0.105790847621 0.215424735735 0.0444444444444 0.0888888888889 0.666666666667 0.255796987405
27 0 5 0 0.0 0.0 0.0131357518444 0.00863450057802 0.0586143209508 0.0333456171372 0.0 0.0 0.0 0.0 0.766666666667 0.095581391856
28 0 0 5 2.0 0.0 0.0181699089403 0.00379325798975 0.0 0.0 0.497620474314 0.0800862269664 0.155555555556 0.095581391856 0.122222222222 0.0816496580928
28 0 1 4 0.04 0.28 0.0323642400256 0.0259588454886 0.0111606211524 0.0228372499026 0.409967464419 0.221028172649 0.027 0.0816081422953 0.703888888889 0.188374299052
28 0 2 3 0.0 0.0 0.0171160131146 0.013676040081 0.0150602500072 0.0293864023218 0.289964010677 0.249259050009 0.0783333333333 0.0978456204033 0.565222222222 0.129953980459
28 0 3 2 0.0 0.0 0.0154278313939 0.0130793396735 0.0360289917117 0.0415013731042 0.198366964066 0.24836784361 0.0334444444444 0.066934554364 0.687777777778 0.0787165566847
28 0 4 1 0.0 0.0 0.0133100275032 0.00946505488096 0.0416037632754 0.0411722669995 0.0956477472523 0.195770159583 0.0 0.0 0.588888888889 0.18790593917
28 0 5 0 0.0 0.0 0.012388575885 0.00752269626092 0.0583241855543 0.0286100511074 0.0 0.0 0.0 0.0 0.755555555556 0.0566557723733
29 0 0 5 1.0 0.0 0.00455801255186 0.00230122511437 0.0 0.0 0.495356038133 0.0601264393332 0.244444444444 0.143156652519 0.1 0.101835015443
29 0 1 4 0.0 0.0 0.0190850565524 0.0157607893341 0.00960974553566 0.0203878903673 0.412358284297 0.213919790383 0.0573333333333 0.0650492690767 0.401444444444 0.172695800488
29 0 2 3 0.0 0.0 0.0151970803551 0.0122565554066 0.0246715256101 0.031597585431 0.319534546919 0.270873320982 0.0246666666667 0.0321485748393 0.530777777778 0.135890796752
29 0 3 2 0.0 0.0 0.0208702485112 0.0158431879662 0.0367171315428 0.0380155919294 0.188062758811 0.237770259879 0.0148888888889 0.0287698401752 0.690444444444 0.161176385245
29 0 4 1 0.0 0.0 0.0145049634879 0.0117714845123 0.0428726509454 0.0334806382927 0.100121889256 0.203376452408 0.000222222222222 0.00350660751957 0.774444444444 0.085642091878
29 0 5 0 0.0 0.0 0.0190444865008 0.0128321561918 0.0424611621329 0.0140790129862 0.0 0.0 0.0 0.0 0.711111111111 0.113311544747
30 0 0 5 0.0 0.0 0.0148735144257 0.00865294145179 0.0 0.0 0.486072902459 0.0848652684878 0.2 0.159474445493 0.133333333333 0.10886621079
30 0 1 4 0.04 0.28 0.0216651858017 0.0161108186337 0.0108966401892 0.0233164680729 0.397277843457 0.216387816133 0.0587777777778 0.0899011116535 0.485333333333 0.146505635504
30 0 2 3 0.02 0.198997487421 0.0190447381511 0.016699126787 0.0205065747828 0.0293228394391 0.287782133349 0.24452492855 0.0138888888889 0.0349382170745 0.635555555556 0.123408385573
30 0 3 2 0.0 0.0 0.0170922275807 0.0150888198167 0.0346183228548 0.0289117089162 0.184042004325 0.236910201441 0.000222222222222 0.00350660751957 0.765333333333 0.0668013454437
30 0 4 1 0.0 0.0 0.0123244946799 0.00819227446296 0.0464404491906 0.0290873391031 0.094887367545 0.192966388153 0.0444444444444 0.0888888888889 0.655555555556 0.251906312195
30 0 5 0 0.0 0.0 0.0117918455892 0.00707450764951 0.0722931434257 0.0384665727253 0.0 0.0 0.0 0.0 0.744444444444 0.114395890455
31 0 0 5 1.0 0.0 0.00436177076306 0.00258470281614 0.0 0.0 0.479865568135 0.107819313207 0.188888888889 0.155555555556 0.0666666666667 0.0647883543872
31 0 1 4 0.0 0.0 0.0149227926217 0.0122369607933 0.0081394015909 0.0203280031579 0.359508455153 0.221356602165 0.0458888888889 0.0896447722134 0.530111111111 0.143374627988
31 0 2 3 0.0 0.0 0.0268079889275 0.0203893955511 0.0187964855629 0.0306965147574 0.260792656522 0.234679047137 0.00122222222222 0.0137791217982 0.695 0.0995344099567
31 0 3 2 0.0 0.0 0.0141253395437 0.00998915989546 0.0275812164352 0.0256384965796 0.185976502237 0.234858705075 0.0447777777778 0.0553430379709 0.621777777778 0.23192122971
31 0 4 1 0.0 0.0 0.0106700690114 0.00775411192168 0.0504646236196 0.0341089010696 0.0957225923973 0.195454967283 0.0 0.0 0.6 0.196889390519
31 0 5 0 0.0 0.0 0.0121821628429 0.00684511876947 0.0657179381199 0.00928898449003 0.0 0.0 0.0 0.0 0.777777777778 0.0702728368926
32 0 0 5 1.82 0.57236352085 0.0265956406656 0.00409306574659 0.0 0.0 0.461917343978 0.097998065529 0.177777777778 0.095581391856 0.177777777778 0.107726219054
32 0 1 4 0.14 0.510294032887 0.0347710201831 0.026318561754 0.0133515908686 0.0278500352181 0.364210290248 0.207106898251 0.00322222222222 0.0271391021259 0.683222222222 0.128586762754
32 0 2 3 0.08 0.391918358845 0.0309928630397 0.0282227333873 0.021542389482 0.0289802973009 0.283408615624 0.240281800976 0.0127777777778 0.0565767260093 0.721222222222 0.129310565006
32 0 3 2 0.0 0.0 0.0136775529874 0.0128729999511 0.0353968260786 0.0301611738735 0.182840787805 0.234206160323 0.0 0.0 0.632333333333 0.211987042464
32 0 4 1 0.0 0.0 0.0102813412296 0.00735129703517 0.0359173355283 0.0290302875 0.0890912347495 0.184217533122 0.0444444444444 0.0888888888889 0.655555555556 0.162541542648
32 0 5 0 0.0 0.0 0.0201941821899 0.0153500546156 0.0540123250333 0.015860257162 0.0 0.0 0.0 0.0 0.733333333333 0.0415739709642
33 0 0 5 0.0 0.0 0.00923461553059 0.0062515365501 0.0 0.0 0.452507923185 0.111399191531 0.166666666667 0.105409255339 0.199777777778 0.119989505714
33 0 1 4 0.0 0.0 0.0233824194525 0.0213607450547 0.00985522064161 0.0216554934906 0.358706895301 0.196858843135 0.0388888888889 0.0688978488797 0.630888888889 0.166047590977
33 0 2 3 0.02 0.198997487421 0.0295741048735 0.0229489079206 0.0201336728163 0.0282848746827 0.263935528753 0.229763402982 0.003 0.025036023429 0.625444444444 0.0910066474305
33 0 3 2 0.0 0.0 0.017192115807 0.0128274866175 0.0294819785819 0.0322866736677 0.184684410072 0.23402765553 0.0222222222222 0.0272165526976 0.608444444444 0.21994454969
33 0 4 1 0.0 0.0 0.0113269681961 0.00883259551905 0.0332366411327 0.0216986984949 0.0864520725617 0.178261640252 0.0444444444444 0.0888888888889 0.666666666667 0.262936879249
33 0 5 0 0.0 0.0 0.0118906474928 0.00718941994996 0.0587924649996 0.0253144637979 0.0 0.0 0.0 0.0 0.722222222222 0.099380799
34 0 0 5 0.0 0.0 0.0102458142501 0.00824617028848 0.0 0.0 0.44932953058 0.0768433599886 0.233333333333 0.146565621759 0.211111111111 0.177081971672
34 0 1 4 0.0 0.0 0.0101788301382 0.0075618374163 0.00942084454362 0.0221073499867 0.346429949606 0.192524696899 0.117111111111 0.116220522613 0.352777777778 0.258816751991
34 0 2 3 0.0 0.0 0.0177910193591 0.0134198803887 0.0180741205986 0.0294789407828 0.244885608989 0.219711401321 0.0453333333333 0.0897552226893 0.626444444444 0.247804084304
34 0 3 2 0.04 0.28 0.0171328942815 0.0149768782316 0.0285849771757 0.0263940462396 0.170116098519 0.222255560461 0.0262222222222 0.057767520457 0.709 0.0959899043045
34 0 4 1 0.0 0.0 0.0109351677506 0.00755275589762 0.0300567945056 0.027611624571 0.0797286242984 0.169266146211 0.0 0.0 0.6 0.196889390519
34 0 5 0 0.0 0.0 0.0100704846636 0.00638748115543 0.0602171597079 0.0214705109671 0.0 0.0 0.0 0.0 0.744444444444 0.0902670933848
35 0 0 5 1.96 0.28 0.0370931871736 0.00661203842976 0.0 0.0 0.432512274688 0.101910548397 0.144444444444 0.119670329047 0.266666666667 0.211986489204
35 0 1 4 0.08 0.391918358845 0.0181895881135 0.0171893629307 0.00983001255458 0.0211636820103 0.360734214712 0.20035890375 0.0704444444444 0.0888919443919 0.559666666667 0.209559532188
35 0 2 3 0.0 0.0 0.0185938365967 0.0162926591337 0.0190979595113 0.0298461082975 0.263222496988 0.225482187647 0.045 0.0766968539603 0.574777777778 0.142099382715
35 0 3 2 0.0 0.0 0.0144694910885 0.010294076525 0.0295260812041 0.0272435116021 0.173364982654 0.219806481411 0.0451111111111 0.0908236658124 0.588444444444 0.216321206075
35 0 4 1 0.0 0.0 0.0121541598986 0.00801171890956 0.0431728398626 0.0291852321831 0.0921030292234 0.186787606095 0.0558888888889 0.112023531479 0.599666666667 0.221328508426
35 0 5 0 0.0 0.0 0.0111687258072 0.00684055081923 0.0553391109274 0.0258406959594 0.0 0.0 0.0 0.0 0.7 0.0566557723733
